ORIGIN_ID,ORIGIN_NAME,DESTINATION_ID,DESTINATION_NAME,DRIVEDISTANCE_KM,DRIVETIME_TEXT,DRIVETIME_MINUTES,FERRY_IND
5909052,Abbotsford,5943008,Alert Bay,508,8h30m,,TRUE
5909052,Abbotsford,5915038,Anmore,62,1h10m,,FALSE
5909052,Abbotsford,5937028,Armstrong,399,4h10m,,FALSE
5909052,Abbotsford,5933019,Ashcroft,264,3h,,FALSE
5909052,Abbotsford,5933074,Barriere,351,3h30m,,FALSE
5909052,Abbotsford,5915036,Belcarra,60,1h,,FALSE
5909052,Abbotsford,5915062,Bowen Island,100,1h40m,,TRUE
5909052,Abbotsford,5915025,Burnaby,58,40m,,FALSE
5909052,Abbotsford,5951022,Burns Lake,1127,12h30m,,FALSE
5909052,Abbotsford,5933024,Cache Creek,277,3h10m,,FALSE
5909052,Abbotsford,5924034,Campbell River,299,5h20m,,TRUE
5909052,Abbotsford,5901043,Canal Flats,813,9h10m,,FALSE
5909052,Abbotsford,5903045,Castlegar,551,6h20m,,FALSE
5909052,Abbotsford,5917015,Central Saanich,273,5h20m,,TRUE
5909052,Abbotsford,5933054,Chase,343,3h20m,,FALSE
5909052,Abbotsford,5955010,Chetwynd,1207,13h30m,,FALSE
5909052,Abbotsford,5909020,Chilliwack,37,30m,,FALSE
5909052,Abbotsford,5933067,Clearwater,412,4h20m,,FALSE
5909052,Abbotsford,5933028,Clinton,318,3h40m,,FALSE
5909052,Abbotsford,5937010,Coldstream,384,4h,,FALSE
5909052,Abbotsford,5917041,Colwood,256,5h10m,,TRUE
5909052,Abbotsford,5926005,Comox,263,5h,,TRUE
5909052,Abbotsford,5915034,Coquitlam,53,50m,,FALSE
5909052,Abbotsford,5926010,Courtenay,258,5h,,TRUE
5909052,Abbotsford,5901022,Cranbrook,779,8h50m,,FALSE
5909052,Abbotsford,5903004,Creston,670,7h40m,,FALSE
5909052,Abbotsford,5926014,Cumberland,252,4h50m,,TRUE
5909052,Abbotsford,5955014,Dawson Creek,1252,13h30m,,FALSE
5909052,Abbotsford,5915011,Delta,76,1h,,FALSE
5909052,Abbotsford,5919012,Duncan,202,4h20m,,TRUE
5909052,Abbotsford,5901003,Elkford,938,11h20m,,FALSE
5909052,Abbotsford,5937033,Enderby,412,4h20m,,FALSE
5909052,Abbotsford,5917040,Esquimalt,259,5h10m,,TRUE
5909052,Abbotsford,5901012,Fernie,873,9h50m,,FALSE
5909052,Abbotsford,5951013,Fort St. James,1063,11h50m,,FALSE
5909052,Abbotsford,5955034,Fort St. John,1358,15h20m,,FALSE
5909052,Abbotsford,5951009,Fraser Lake,1055,11h40m,,FALSE
5909052,Abbotsford,5905005,Fruitvale,577,6h50m,,FALSE
5909052,Abbotsford,5929005,Gibsons,116,2h10m,,TRUE
5909052,Abbotsford,5924025,Gold River,393,6h30m,,TRUE
5909052,Abbotsford,5939007,Golden,645,7h,,FALSE
5909052,Abbotsford,5905032,Grand Forks,456,5h20m,,FALSE
5909052,Abbotsford,5905042,Greenwood,415,4h50m,,FALSE
5909052,Abbotsford,5909027,Harrison Hot Springs,65,50m,,FALSE
5909052,Abbotsford,5949022,Hazelton,1342,15h,,FALSE
5909052,Abbotsford,5917049,Highlands,258,5h10m,,TRUE
5909052,Abbotsford,5909009,Hope,85,50m,,FALSE
5909052,Abbotsford,5951034,Houston,1207,13h30m,,FALSE
5909052,Abbotsford,5955025,Hudson's Hope,1281,14h30m,,FALSE
5909052,Abbotsford,5901039,Invermere,766,8h30m,,FALSE
5909052,Abbotsford,5933042,Kamloops,289,2h50m,,FALSE
5909052,Abbotsford,5903023,Kaslo,660,7h40m,,TRUE
5909052,Abbotsford,5935010,Kelowna,327,3h20m,,FALSE
5909052,Abbotsford,5909032,Kent,61,40m,,FALSE
5909052,Abbotsford,5907009,Keremeos,283,3h10m,,FALSE
5909052,Abbotsford,5901028,Kimberley,805,9h10m,,FALSE
5909052,Abbotsford,5949005,Kitimat,1539,17h30m,,FALSE
5909052,Abbotsford,5919021,Ladysmith,177,4h,,TRUE
5909052,Abbotsford,5935016,Lake Country,351,3h40m,,FALSE
5909052,Abbotsford,5919016,Lake Cowichan,225,4h40m,,TRUE
5909052,Abbotsford,5917044,Langford,247,4h50m,,TRUE
5909052,Abbotsford,5915001,Langley,26,20m,,FALSE
5909052,Abbotsford,5915002,Langley,30,30m,,FALSE
5909052,Abbotsford,5921008,Lantzville,162,4h,,TRUE
5909052,Abbotsford,5931026,Lillooet,257,3h10m,,FALSE
5909052,Abbotsford,5915065,Lions Bay,101,1h10m,,FALSE
5909052,Abbotsford,5933035,Logan Lake,267,2h50m,,FALSE
5909052,Abbotsford,5937005,Lumby,400,4h10m,,FALSE
5909052,Abbotsford,5933015,Lytton,193,2h10m,,FALSE
5909052,Abbotsford,5953033,Mackenzie,1080,12h10m,,FALSE
5909052,Abbotsford,5915075,Maple Ridge,37,30m,,FALSE
5909052,Abbotsford,5947023,Masset,1916,1D3h30m,,TRUE
5909052,Abbotsford,5953012,McBride,689,7h30m,,FALSE
5909052,Abbotsford,5933006,Merritt,203,2h,,FALSE
5909052,Abbotsford,5917042,Metchosin,264,5h20m,,TRUE
5909052,Abbotsford,5905037,Midway,399,4h40m,,FALSE
5909052,Abbotsford,5909056,Mission,22,20m,,FALSE
5909052,Abbotsford,5905009,Montrose,573,6h40m,,FALSE
5909052,Abbotsford,5903050,Nakusp,569,6h30m,,TRUE
5909052,Abbotsford,5921007,Nanaimo,151,3h40m,,TRUE
5909052,Abbotsford,5903015,Nelson,593,7h,,FALSE
5909052,Abbotsford,5903032,New Denver,614,7h10m,,TRUE
5909052,Abbotsford,5949024,New Hazelton,1336,15h,,FALSE
5909052,Abbotsford,5915029,New Westminster,56,40m,,FALSE
5909052,Abbotsford,5949035,Nisga'a,1591,18h30m,,FALSE
5909052,Abbotsford,5919008,North Cowichan,194,4h20m,,TRUE
5909052,Abbotsford,5917005,North Saanich,184,4h40m,,TRUE
5909052,Abbotsford,5915051,North Vancouver,75,50m,,FALSE
5909052,Abbotsford,5915046,North Vancouver,83,2h,,FALSE
5909052,Abbotsford,5917030,Oak Bay,267,5h20m,,TRUE
5909052,Abbotsford,5907014,Oliver,342,4h,,FALSE
5909052,Abbotsford,5941005,One Hundred Mile House,389,4h30m,,FALSE
5909052,Abbotsford,5907005,Osoyoos,332,3h50m,,FALSE
5909052,Abbotsford,5921018,Parksville,181,4h10m,,TRUE
5909052,Abbotsford,5935018,Peachland,311,3h10m,,FALSE
5909052,Abbotsford,5931012,Pemberton,221,2h40m,,FALSE
5909052,Abbotsford,5907041,Penticton,351,3h40m,,FALSE
5909052,Abbotsford,5915070,Pitt Meadows,45,50m,,FALSE
5909052,Abbotsford,5923008,Port Alberni,229,4h40m,,TRUE
5909052,Abbotsford,5943017,Port Alice,544,8h20m,,TRUE
5909052,Abbotsford,5947030,Port Clements,1874,1D3h,,TRUE
5909052,Abbotsford,5915039,Port Coquitlam,46,40m,,FALSE
5909052,Abbotsford,5947007,Port Edward,1592,17h50m,,FALSE
5909052,Abbotsford,5943023,Port Hardy,528,8h10m,,TRUE
5909052,Abbotsford,5943012,Port McNeill,496,7h50m,,TRUE
5909052,Abbotsford,5915043,Port Moody,56,50m,,FALSE
5909052,Abbotsford,5955005,Pouce Coupe,1243,13h30m,,FALSE
5909052,Abbotsford,5927008,Powell River,245,4h40m,,TRUE
5909052,Abbotsford,5953023,Prince George,900,9h50m,,FALSE
5909052,Abbotsford,5947012,Prince Rupert,1624,18h30m,,FALSE
5909052,Abbotsford,5907024,Princeton,218,2h30m,,FALSE
5909052,Abbotsford,5921023,Qualicum Beach,194,4h20m,,TRUE
5909052,Abbotsford,5947026,Queen Charlotte,1818,1D2h30m,,TRUE
5909052,Abbotsford,5941013,Quesnel,597,6h50m,,FALSE
5909052,Abbotsford,5901040,Radium Hot Springs,748,8h10m,,FALSE
5909052,Abbotsford,5939019,Revelstoke,498,5h10m,,FALSE
5909052,Abbotsford,5915015,Richmond,85,1h,,FALSE
5909052,Abbotsford,5905023,Rossland,549,6h20m,,FALSE
5909052,Abbotsford,5917021,Saanich,262,5h10m,,TRUE
5909052,Abbotsford,5903011,Salmo,588,6h50m,,FALSE
5909052,Abbotsford,5939032,Salmon Arm,394,4h,,FALSE
5909052,Abbotsford,5924039,Sayward,375,6h20m,,TRUE
5909052,Abbotsford,5929011,Sechelt,140,2h30m,,TRUE
5909052,Abbotsford,5939045,Sicamous,425,4h20m,,FALSE
5909052,Abbotsford,5917010,Sidney,181,4h30m,,TRUE
5909052,Abbotsford,5903027,Silverton,618,7h10m,,TRUE
5909052,Abbotsford,5903019,Slocan,618,7h20m,,FALSE
5909052,Abbotsford,5951043,Smithers,1269,14h10m,,FALSE
5909052,Abbotsford,5917052,Sooke,267,5h20m,,TRUE
5909052,Abbotsford,5937024,Spallumcheen,397,4h10m,,FALSE
5909052,Abbotsford,5931006,Squamish,138,1h40m,,FALSE
5909052,Abbotsford,5949032,Stewart,1591,18h20m,,FALSE
5909052,Abbotsford,5907035,Summerland,334,3h20m,,FALSE
5909052,Abbotsford,5933045,Sun Peaks Mountain,344,3h30m,,FALSE
5909052,Abbotsford,5915004,Surrey,44,40m,,FALSE
5909052,Abbotsford,5924030,Tahsis,453,8h30m,,TRUE
5909052,Abbotsford,5955030,Taylor,1310,14h10m,,FALSE
5909052,Abbotsford,5951038,Telkwa,1257,14h10m,,FALSE
5909052,Abbotsford,5949011,Terrace,1476,16h40m,,FALSE
5909052,Abbotsford,5923025,Tofino,350,6h20m,,TRUE
5909052,Abbotsford,5905014,Trail,563,6h40m,,FALSE
5909052,Abbotsford,5955003,Tumbler Ridge,1292,14h30m,,FALSE
5909052,Abbotsford,5923019,Ucluelet,327,6h,,TRUE
5909052,Abbotsford,5953007,Valemount,608,6h30m,,FALSE
5909052,Abbotsford,5915022,Vancouver,70,1h,,FALSE
5909052,Abbotsford,5951007,Vanderhoof,998,11h,,FALSE
5909052,Abbotsford,5937014,Vernon,380,4h,,FALSE
5909052,Abbotsford,5917034,Victoria,263,5h10m,,TRUE
5909052,Abbotsford,5917047,View Royal,253,5h,,TRUE
5909052,Abbotsford,5905018,Warfield,559,6h30m,,FALSE
5909052,Abbotsford,5941025,Wells,686,8h50m,,FALSE
5909052,Abbotsford,5935029,West Kelowna,313,3h10m,,FALSE
5909052,Abbotsford,5915055,West Vancouver,94,1h10m,,FALSE
5909052,Abbotsford,5931020,Whistler,188,2h10m,,FALSE
5909052,Abbotsford,5915007,White Rock,45,40m,,FALSE
5909052,Abbotsford,5941009,Williams Lake,481,5h30m,,FALSE
5909052,Abbotsford,5924029,Zeballos,492,8h30m,,TRUE
5943008,Alert Bay,5915038,Anmore,471,8h30m,,TRUE
5943008,Alert Bay,5937028,Armstrong,903,12h30m,,TRUE
5943008,Alert Bay,5933019,Ashcroft,768,11h20m,,TRUE
5943008,Alert Bay,5933074,Barriere,855,11h50m,,TRUE
5943008,Alert Bay,5915036,Belcarra,469,8h10m,,TRUE
5943008,Alert Bay,5915062,Bowen Island,425,7h40m,,TRUE
5943008,Alert Bay,5915025,Burnaby,451,7h50m,,TRUE
5943008,Alert Bay,5951022,Burns Lake,1631,20h50m,,TRUE
5943008,Alert Bay,5933024,Cache Creek,737,11h30m,,TRUE
5943008,Alert Bay,5924034,Campbell River,212,3h20m,,TRUE
5943008,Alert Bay,5901043,Canal Flats,1317,17h20m,,TRUE
5943008,Alert Bay,5903045,Castlegar,1055,14h40m,,TRUE
5943008,Alert Bay,5917015,Central Saanich,485,6h20m,,TRUE
5943008,Alert Bay,5933054,Chase,847,11h40m,,TRUE
5943008,Alert Bay,5955010,Chetwynd,1705,21h40m,,TRUE
5943008,Alert Bay,5909020,Chilliwack,541,8h40m,,TRUE
5943008,Alert Bay,5933067,Clearwater,916,12h30m,,TRUE
5943008,Alert Bay,5933028,Clinton,754,11h40m,,TRUE
5943008,Alert Bay,5937010,Coldstream,888,12h10m,,TRUE
5943008,Alert Bay,5917041,Colwood,467,6h10m,,TRUE
5943008,Alert Bay,5926005,Comox,268,4h,,TRUE
5943008,Alert Bay,5915034,Coquitlam,472,8h,,TRUE
5943008,Alert Bay,5926010,Courtenay,262,3h50m,,TRUE
5943008,Alert Bay,5901022,Cranbrook,1283,17h10m,,TRUE
5943008,Alert Bay,5903004,Creston,1174,16h,,TRUE
5943008,Alert Bay,5926014,Cumberland,265,3h50m,,TRUE
5943008,Alert Bay,5955014,Dawson Creek,1756,21h50m,,TRUE
5943008,Alert Bay,5915011,Delta,457,8h10m,,TRUE
5943008,Alert Bay,5919012,Duncan,413,5h20m,,TRUE
5943008,Alert Bay,5901003,Elkford,1442,19h40m,,TRUE
5943008,Alert Bay,5937033,Enderby,916,12h30m,,TRUE
5943008,Alert Bay,5917040,Esquimalt,471,6h10m,,TRUE
5943008,Alert Bay,5901012,Fernie,1377,18h10m,,TRUE
5943008,Alert Bay,5951013,Fort St. James,1567,20h10m,,TRUE
5943008,Alert Bay,5955034,Fort St. John,1832,22h40m,,TRUE
5943008,Alert Bay,5951009,Fraser Lake,1559,20h,,TRUE
5943008,Alert Bay,5905005,Fruitvale,1081,15h,,TRUE
5943008,Alert Bay,5929005,Gibsons,441,8h20m,,TRUE
5943008,Alert Bay,5924025,Gold River,301,4h20m,,TRUE
5943008,Alert Bay,5939007,Golden,1149,15h10m,,TRUE
5943008,Alert Bay,5905032,Grand Forks,960,13h30m,,TRUE
5943008,Alert Bay,5905042,Greenwood,919,13h,,TRUE
5943008,Alert Bay,5909027,Harrison Hot Springs,569,9h,,TRUE
5943008,Alert Bay,5949022,Hazelton,852,1D1h50m,,TRUE
5943008,Alert Bay,5917049,Highlands,469,6h10m,,TRUE
5943008,Alert Bay,5909009,Hope,589,9h10m,,TRUE
5943008,Alert Bay,5951034,Houston,1711,21h40m,,TRUE
5943008,Alert Bay,5955025,Hudson's Hope,1779,22h40m,,TRUE
5943008,Alert Bay,5901039,Invermere,1270,16h50m,,TRUE
5943008,Alert Bay,5933042,Kamloops,793,11h10m,,TRUE
5943008,Alert Bay,5903023,Kaslo,1164,16h,,TRUE
5943008,Alert Bay,5935010,Kelowna,831,11h30m,,TRUE
5943008,Alert Bay,5909032,Kent,565,9h,,TRUE
5943008,Alert Bay,5907009,Keremeos,787,11h30m,,TRUE
5943008,Alert Bay,5901028,Kimberley,1309,17h30m,,TRUE
5943008,Alert Bay,5949005,Kitimat,782,1D1h10m,,TRUE
5943008,Alert Bay,5919021,Ladysmith,388,5h10m,,TRUE
5943008,Alert Bay,5935016,Lake Country,855,11h50m,,TRUE
5943008,Alert Bay,5919016,Lake Cowichan,436,5h40m,,TRUE
5943008,Alert Bay,5917044,Langford,458,6h,,TRUE
5943008,Alert Bay,5915002,Langley,483,8h10m,,TRUE
5943008,Alert Bay,5915001,Langley,498,8h20m,,TRUE
5943008,Alert Bay,5921008,Lantzville,349,4h40m,,TRUE
5943008,Alert Bay,5931026,Lillooet,658,10h30m,,TRUE
5943008,Alert Bay,5915065,Lions Bay,430,7h30m,,TRUE
5943008,Alert Bay,5933035,Logan Lake,771,11h10m,,TRUE
5943008,Alert Bay,5937005,Lumby,904,12h30m,,TRUE
5943008,Alert Bay,5933015,Lytton,697,10h30m,,TRUE
5943008,Alert Bay,5953033,Mackenzie,1583,20h20m,,TRUE
5943008,Alert Bay,5915075,Maple Ridge,489,8h20m,,TRUE
5943008,Alert Bay,5947023,Masset,858,1D7h30m,,TRUE
5943008,Alert Bay,5953012,McBride,1193,15h40m,,TRUE
5943008,Alert Bay,5933006,Merritt,707,10h20m,,TRUE
5943008,Alert Bay,5917042,Metchosin,475,6h20m,,TRUE
5943008,Alert Bay,5905037,Midway,903,12h50m,,TRUE
5943008,Alert Bay,5909056,Mission,505,8h40m,,TRUE
5943008,Alert Bay,5905009,Montrose,1077,15h,,TRUE
5943008,Alert Bay,5903050,Nakusp,1073,14h50m,,TRUE
5943008,Alert Bay,5921007,Nanaimo,360,4h50m,,TRUE
5943008,Alert Bay,5903015,Nelson,1097,15h10m,,TRUE
5943008,Alert Bay,5903032,New Denver,1118,15h20m,,TRUE
5943008,Alert Bay,5949024,New Hazelton,847,1D1h40m,,TRUE
5943008,Alert Bay,5915029,New Westminster,456,7h50m,,TRUE
5943008,Alert Bay,5949035,Nisga'a,825,1D2h,,TRUE
5943008,Alert Bay,5919008,North Cowichan,405,5h20m,,TRUE
5943008,Alert Bay,5917005,North Saanich,494,6h30m,,TRUE
5943008,Alert Bay,5915051,North Vancouver,437,7h40m,,TRUE
5943008,Alert Bay,5915046,North Vancouver,453,8h50m,,TRUE
5943008,Alert Bay,5917030,Oak Bay,478,6h20m,,TRUE
5943008,Alert Bay,5907014,Oliver,846,12h20m,,TRUE
5943008,Alert Bay,5941005,One Hundred Mile House,825,12h30m,,TRUE
5943008,Alert Bay,5907005,Osoyoos,836,12h,,TRUE
5943008,Alert Bay,5921018,Parksville,330,4h30m,,TRUE
5943008,Alert Bay,5935018,Peachland,815,11h20m,,TRUE
5943008,Alert Bay,5931012,Pemberton,549,9h,,TRUE
5943008,Alert Bay,5907041,Penticton,855,12h,,TRUE
5943008,Alert Bay,5915070,Pitt Meadows,478,8h20m,,TRUE
5943008,Alert Bay,5923008,Port Alberni,356,4h50m,,TRUE
5943008,Alert Bay,5943017,Port Alice,67,1h30m,,TRUE
5943008,Alert Bay,5947030,Port Clements,815,1D7h,,TRUE
5943008,Alert Bay,5915039,Port Coquitlam,469,8h,,TRUE
5943008,Alert Bay,5947007,Port Edward,591,22h50m,,TRUE
5943008,Alert Bay,5943023,Port Hardy,51,1h10m,,TRUE
5943008,Alert Bay,5943012,Port McNeill,14,40m,,TRUE
5943008,Alert Bay,5915043,Port Moody,465,8h,,TRUE
5943008,Alert Bay,5955005,Pouce Coupe,1747,21h40m,,TRUE
5943008,Alert Bay,5953023,Prince George,1404,18h10m,,TRUE
5943008,Alert Bay,5947012,Prince Rupert,575,22h50m,,TRUE
5943008,Alert Bay,5907024,Princeton,722,10h50m,,TRUE
5943008,Alert Bay,5921023,Qualicum Beach,321,4h20m,,TRUE
5943008,Alert Bay,5947026,Queen Charlotte,760,1D6h30m,,TRUE
5943008,Alert Bay,5941013,Quesnel,1033,14h50m,,TRUE
5943008,Alert Bay,5901040,Radium Hot Springs,1252,16h30m,,TRUE
5943008,Alert Bay,5939019,Revelstoke,1002,13h30m,,TRUE
5943008,Alert Bay,5915015,Richmond,453,8h,,TRUE
5943008,Alert Bay,5905023,Rossland,1053,14h40m,,TRUE
5943008,Alert Bay,5917021,Saanich,473,6h10m,,TRUE
5943008,Alert Bay,5903011,Salmo,1092,15h10m,,TRUE
5943008,Alert Bay,5939032,Salmon Arm,898,12h20m,,TRUE
5943008,Alert Bay,5924039,Sayward,156,2h40m,,TRUE
5943008,Alert Bay,5929011,Sechelt,466,8h40m,,TRUE
5943008,Alert Bay,5939045,Sicamous,929,12h40m,,TRUE
5943008,Alert Bay,5917010,Sidney,493,6h30m,,TRUE
5943008,Alert Bay,5903027,Silverton,1122,15h30m,,TRUE
5943008,Alert Bay,5903019,Slocan,1122,15h40m,,TRUE
5943008,Alert Bay,5951043,Smithers,914,1D2h30m,,TRUE
5943008,Alert Bay,5917052,Sooke,478,6h20m,,TRUE
5943008,Alert Bay,5937024,Spallumcheen,901,12h30m,,TRUE
5943008,Alert Bay,5931006,Squamish,467,8h,,TRUE
5943008,Alert Bay,5949032,Stewart,1015,1D4h,,TRUE
5943008,Alert Bay,5907035,Summerland,838,11h40m,,TRUE
5943008,Alert Bay,5933045,Sun Peaks Mountain,849,11h50m,,TRUE
5943008,Alert Bay,5915004,Surrey,477,8h10m,,TRUE
5943008,Alert Bay,5924030,Tahsis,361,6h20m,,TRUE
5943008,Alert Bay,5955030,Taylor,1814,22h30m,,TRUE
5943008,Alert Bay,5951038,Telkwa,931,1D2h40m,,TRUE
5943008,Alert Bay,5949011,Terrace,719,1D20m,,TRUE
5943008,Alert Bay,5923025,Tofino,476,6h20m,,TRUE
5943008,Alert Bay,5905014,Trail,1067,14h50m,,TRUE
5943008,Alert Bay,5955003,Tumbler Ridge,1794,22h50m,,TRUE
5943008,Alert Bay,5923019,Ucluelet,454,6h10m,,TRUE
5943008,Alert Bay,5953007,Valemount,1112,14h50m,,TRUE
5943008,Alert Bay,5915022,Vancouver,442,7h50m,,TRUE
5943008,Alert Bay,5951007,Vanderhoof,1502,19h20m,,TRUE
5943008,Alert Bay,5937014,Vernon,884,12h20m,,TRUE
5943008,Alert Bay,5917034,Victoria,474,6h10m,,TRUE
5943008,Alert Bay,5917047,View Royal,464,6h,,TRUE
5943008,Alert Bay,5905018,Warfield,1063,14h50m,,TRUE
5943008,Alert Bay,5941025,Wells,1122,17h,,TRUE
5943008,Alert Bay,5935029,West Kelowna,817,11h30m,,TRUE
5943008,Alert Bay,5915055,West Vancouver,437,7h40m,,TRUE
5943008,Alert Bay,5931020,Whistler,516,8h40m,,TRUE
5943008,Alert Bay,5915007,White Rock,487,8h20m,,TRUE
5943008,Alert Bay,5941009,Williams Lake,917,13h30m,,TRUE
5943008,Alert Bay,5924029,Zeballos,99,2h40m,,TRUE
5915038,Anmore,5937028,Armstrong,458,5h20m,,FALSE
5915038,Anmore,5933019,Ashcroft,323,4h10m,,FALSE
5915038,Anmore,5933074,Barriere,411,4h40m,,FALSE
5915038,Anmore,5915036,Belcarra,10,30m,,FALSE
5915038,Anmore,5915062,Bowen Island,62,1h40m,,TRUE
5915038,Anmore,5915025,Burnaby,25,50m,,FALSE
5915038,Anmore,5951022,Burns Lake,1186,13h40m,,FALSE
5915038,Anmore,5933024,Cache Creek,336,4h20m,,FALSE
5915038,Anmore,5924034,Campbell River,261,5h20m,,TRUE
5915038,Anmore,5901043,Canal Flats,872,10h10m,,FALSE
5915038,Anmore,5903045,Castlegar,611,7h30m,,FALSE
5915038,Anmore,5917015,Central Saanich,236,5h20m,,TRUE
5915038,Anmore,5933054,Chase,402,4h30m,,FALSE
5915038,Anmore,5955010,Chetwynd,1266,14h30m,,FALSE
5915038,Anmore,5909020,Chilliwack,97,1h30m,,FALSE
5915038,Anmore,5933067,Clearwater,471,5h20m,,FALSE
5915038,Anmore,5933028,Clinton,378,4h40m,,FALSE
5915038,Anmore,5937010,Coldstream,443,5h,,FALSE
5915038,Anmore,5917041,Colwood,218,5h10m,,TRUE
5915038,Anmore,5926005,Comox,225,5h10m,,TRUE
5915038,Anmore,5915034,Coquitlam,14,40m,,FALSE
5915038,Anmore,5926010,Courtenay,221,5h,,TRUE
5915038,Anmore,5901022,Cranbrook,838,10h,,FALSE
5915038,Anmore,5903004,Creston,729,8h40m,,FALSE
5915038,Anmore,5926014,Cumberland,214,5h,,TRUE
5915038,Anmore,5955014,Dawson Creek,1311,14h40m,,FALSE
5915038,Anmore,5915011,Delta,51,1h10m,,FALSE
5915038,Anmore,5919012,Duncan,165,4h20m,,TRUE
5915038,Anmore,5901003,Elkford,998,12h30m,,FALSE
5915038,Anmore,5937033,Enderby,471,5h20m,,FALSE
5915038,Anmore,5917040,Esquimalt,222,5h10m,,TRUE
5915038,Anmore,5901012,Fernie,932,11h,,FALSE
5915038,Anmore,5951013,Fort St. James,1122,13h,,FALSE
5915038,Anmore,5955034,Fort St. John,1387,15h30m,,FALSE
5915038,Anmore,5951009,Fraser Lake,1115,12h50m,,FALSE
5915038,Anmore,5905005,Fruitvale,637,7h50m,,FALSE
5915038,Anmore,5929005,Gibsons,78,2h10m,,TRUE
5915038,Anmore,5924025,Gold River,355,6h30m,,TRUE
5915038,Anmore,5939007,Golden,705,8h,,FALSE
5915038,Anmore,5905032,Grand Forks,515,6h20m,,FALSE
5915038,Anmore,5905042,Greenwood,475,5h50m,,FALSE
5915038,Anmore,5909027,Harrison Hot Springs,108,1h50m,,FALSE
5915038,Anmore,5949022,Hazelton,1401,16h10m,,FALSE
5915038,Anmore,5917049,Highlands,220,5h10m,,TRUE
5915038,Anmore,5909009,Hope,145,2h,,FALSE
5915038,Anmore,5951034,Houston,1266,14h30m,,FALSE
5915038,Anmore,5955025,Hudson's Hope,1336,15h30m,,FALSE
5915038,Anmore,5901039,Invermere,826,9h40m,,FALSE
5915038,Anmore,5933042,Kamloops,348,4h,,FALSE
5915038,Anmore,5903023,Kaslo,720,8h50m,,TRUE
5915038,Anmore,5935010,Kelowna,386,4h20m,,FALSE
5915038,Anmore,5909032,Kent,105,1h50m,,FALSE
5915038,Anmore,5907009,Keremeos,343,4h20m,,FALSE
5915038,Anmore,5901028,Kimberley,865,10h20m,,FALSE
5915038,Anmore,5949005,Kitimat,1598,18h40m,,FALSE
5915038,Anmore,5919021,Ladysmith,140,4h10m,,TRUE
5915038,Anmore,5935016,Lake Country,410,4h40m,,FALSE
5915038,Anmore,5919016,Lake Cowichan,188,4h40m,,TRUE
5915038,Anmore,5917044,Langford,209,5h,,TRUE
5915038,Anmore,5915002,Langley,39,1h,,FALSE
5915038,Anmore,5915001,Langley,47,1h10m,,FALSE
5915038,Anmore,5921008,Lantzville,124,4h,,TRUE
5915038,Anmore,5931026,Lillooet,292,4h10m,,FALSE
5915038,Anmore,5915065,Lions Bay,64,1h10m,,FALSE
5915038,Anmore,5933035,Logan Lake,327,4h,,FALSE
5915038,Anmore,5937005,Lumby,460,5h20m,,FALSE
5915038,Anmore,5933015,Lytton,252,3h20m,,FALSE
5915038,Anmore,5953033,Mackenzie,1140,13h10m,,FALSE
5915038,Anmore,5915075,Maple Ridge,37,1h,,FALSE
5915038,Anmore,5947023,Masset,1976,1D4h40m,,TRUE
5915038,Anmore,5953012,McBride,749,8h30m,,FALSE
5915038,Anmore,5933006,Merritt,262,3h10m,,FALSE
5915038,Anmore,5917042,Metchosin,226,5h20m,,TRUE
5915038,Anmore,5905037,Midway,459,5h40m,,FALSE
5915038,Anmore,5909056,Mission,54,1h20m,,FALSE
5915038,Anmore,5905009,Montrose,632,7h50m,,FALSE
5915038,Anmore,5903050,Nakusp,628,7h40m,,TRUE
5915038,Anmore,5921007,Nanaimo,113,3h50m,,TRUE
5915038,Anmore,5903015,Nelson,653,8h,,FALSE
5915038,Anmore,5903032,New Denver,673,8h10m,,TRUE
5915038,Anmore,5949024,New Hazelton,1396,16h10m,,FALSE
5915038,Anmore,5915029,New Westminster,24,50m,,FALSE
5915038,Anmore,5949035,Nisga'a,1650,19h40m,,FALSE
5915038,Anmore,5919008,North Cowichan,156,4h20m,,TRUE
5915038,Anmore,5917005,North Saanich,246,5h30m,,TRUE
5915038,Anmore,5915051,North Vancouver,38,1h,,FALSE
5915038,Anmore,5915046,North Vancouver,45,2h,,FALSE
5915038,Anmore,5917030,Oak Bay,229,5h20m,,TRUE
5915038,Anmore,5907014,Oliver,402,5h,,FALSE
5915038,Anmore,5941005,One Hundred Mile House,449,5h30m,,FALSE
5915038,Anmore,5907005,Osoyoos,391,4h50m,,FALSE
5915038,Anmore,5921018,Parksville,143,4h10m,,TRUE
5915038,Anmore,5935018,Peachland,371,4h10m,,FALSE
5915038,Anmore,5931012,Pemberton,183,2h40m,,FALSE
5915038,Anmore,5907041,Penticton,410,4h40m,,FALSE
5915038,Anmore,5915070,Pitt Meadows,27,1h,,FALSE
5915038,Anmore,5923008,Port Alberni,192,4h50m,,TRUE
5915038,Anmore,5943017,Port Alice,506,8h30m,,TRUE
5915038,Anmore,5947030,Port Clements,1933,1D4h10m,,TRUE
5915038,Anmore,5915039,Port Coquitlam,18,40m,,FALSE
5915038,Anmore,5947007,Port Edward,1651,19h,,FALSE
5915038,Anmore,5943023,Port Hardy,490,8h10m,,TRUE
5915038,Anmore,5943012,Port McNeill,458,7h50m,,TRUE
5915038,Anmore,5915043,Port Moody,8,30m,,FALSE
5915038,Anmore,5955005,Pouce Coupe,1302,14h30m,,FALSE
5915038,Anmore,5927008,Powell River,207,4h50m,,TRUE
5915038,Anmore,5953023,Prince George,959,11h,,FALSE
5915038,Anmore,5947012,Prince Rupert,1683,19h30m,,FALSE
5915038,Anmore,5907024,Princeton,278,3h40m,,FALSE
5915038,Anmore,5921023,Qualicum Beach,156,4h20m,,TRUE
5915038,Anmore,5947026,Queen Charlotte,1877,1D3h30m,,TRUE
5915038,Anmore,5941013,Quesnel,656,8h,,FALSE
5915038,Anmore,5901040,Radium Hot Springs,808,9h20m,,FALSE
5915038,Anmore,5939019,Revelstoke,558,6h20m,,FALSE
5915038,Anmore,5915015,Richmond,47,1h10m,,FALSE
5915038,Anmore,5905023,Rossland,608,7h30m,,FALSE
5915038,Anmore,5917021,Saanich,224,5h10m,,TRUE
5915038,Anmore,5903011,Salmo,648,7h50m,,FALSE
5915038,Anmore,5939032,Salmon Arm,454,5h10m,,FALSE
5915038,Anmore,5924039,Sayward,338,6h20m,,TRUE
5915038,Anmore,5929011,Sechelt,103,2h40m,,TRUE
5915038,Anmore,5939045,Sicamous,485,5h30m,,FALSE
5915038,Anmore,5917010,Sidney,244,5h30m,,TRUE
5915038,Anmore,5903027,Silverton,678,8h20m,,TRUE
5915038,Anmore,5903019,Slocan,678,8h30m,,FALSE
5915038,Anmore,5951043,Smithers,1329,15h20m,,FALSE
5915038,Anmore,5917052,Sooke,230,5h20m,,TRUE
5915038,Anmore,5937024,Spallumcheen,456,5h20m,,FALSE
5915038,Anmore,5931006,Squamish,101,1h40m,,FALSE
5915038,Anmore,5949032,Stewart,1650,19h20m,,FALSE
5915038,Anmore,5907035,Summerland,393,4h30m,,FALSE
5915038,Anmore,5933045,Sun Peaks Mountain,404,4h40m,,FALSE
5915038,Anmore,5915004,Surrey,35,1h,,FALSE
5915038,Anmore,5924030,Tahsis,416,8h30m,,TRUE
5915038,Anmore,5955030,Taylor,1370,15h20m,,FALSE
5915038,Anmore,5951038,Telkwa,1316,15h10m,,FALSE
5915038,Anmore,5949011,Terrace,1535,17h40m,,FALSE
5915038,Anmore,5923025,Tofino,312,6h20m,,TRUE
5915038,Anmore,5905014,Trail,622,7h40m,,FALSE
5915038,Anmore,5955003,Tumbler Ridge,1351,15h40m,,FALSE
5915038,Anmore,5923019,Ucluelet,290,6h,,TRUE
5915038,Anmore,5953007,Valemount,667,7h40m,,FALSE
5915038,Anmore,5915022,Vancouver,36,1h,,FALSE
5915038,Anmore,5951007,Vanderhoof,1057,12h10m,,FALSE
5915038,Anmore,5937014,Vernon,439,5h10m,,FALSE
5915038,Anmore,5917034,Victoria,225,5h10m,,TRUE
5915038,Anmore,5917047,View Royal,215,5h,,TRUE
5915038,Anmore,5905018,Warfield,618,7h40m,,FALSE
5915038,Anmore,5941025,Wells,745,10h,,FALSE
5915038,Anmore,5935029,West Kelowna,373,4h10m,,FALSE
5915038,Anmore,5915055,West Vancouver,56,1h10m,,FALSE
5915038,Anmore,5931020,Whistler,150,2h10m,,FALSE
5915038,Anmore,5915007,White Rock,44,1h10m,,FALSE
5915038,Anmore,5941009,Williams Lake,540,6h40m,,FALSE
5915038,Anmore,5924029,Zeballos,454,8h30m,,TRUE
5937028,Armstrong,5933019,Ashcroft,217,2h40m,,FALSE
5937028,Armstrong,5933074,Barriere,184,2h20m,,FALSE
5937028,Armstrong,5915036,Belcarra,455,5h,,FALSE
5937028,Armstrong,5915062,Bowen Island,494,5h40m,,TRUE
5937028,Armstrong,5915025,Burnaby,452,4h40m,,FALSE
5937028,Armstrong,5951022,Burns Lake,959,11h10m,,FALSE
5937028,Armstrong,5933024,Cache Creek,205,2h30m,,FALSE
5937028,Armstrong,5924034,Campbell River,693,9h20m,,TRUE
5937028,Armstrong,5901043,Canal Flats,442,5h20m,,FALSE
5937028,Armstrong,5903045,Castlegar,366,4h30m,,FALSE
5937028,Armstrong,5917015,Central Saanich,668,9h20m,,TRUE
5937028,Armstrong,5933054,Chase,93,1h10m,,FALSE
5937028,Armstrong,5955010,Chetwynd,1039,12h10m,,FALSE
5937028,Armstrong,5909020,Chilliwack,364,3h50m,,FALSE
5937028,Armstrong,5933067,Clearwater,244,3h,,FALSE
5937028,Armstrong,5933028,Clinton,244,3h,,FALSE
5937028,Armstrong,5937010,Coldstream,32,30m,,FALSE
5937028,Armstrong,5917041,Colwood,650,9h10m,,TRUE
5937028,Armstrong,5926005,Comox,657,9h10m,,TRUE
5937028,Armstrong,5915034,Coquitlam,448,4h50m,,FALSE
5937028,Armstrong,5926010,Courtenay,652,9h,,TRUE
5937028,Armstrong,5901022,Cranbrook,523,6h30m,,FALSE
5937028,Armstrong,5903004,Creston,484,5h40m,,FALSE
5937028,Armstrong,5926014,Cumberland,646,8h50m,,TRUE
5937028,Armstrong,5955014,Dawson Creek,1084,12h20m,,FALSE
5937028,Armstrong,5915011,Delta,471,5h,,FALSE
5937028,Armstrong,5919012,Duncan,596,8h20m,,TRUE
5937028,Armstrong,5901003,Elkford,665,8h40m,,FALSE
5937028,Armstrong,5937033,Enderby,16,10m,,FALSE
5937028,Armstrong,5917040,Esquimalt,654,9h10m,,TRUE
5937028,Armstrong,5901012,Fernie,599,7h20m,,FALSE
5937028,Armstrong,5951013,Fort St. James,895,10h30m,,FALSE
5937028,Armstrong,5955034,Fort St. John,1160,13h10m,,FALSE
5937028,Armstrong,5951009,Fraser Lake,888,10h20m,,FALSE
5937028,Armstrong,5905005,Fruitvale,392,4h50m,,FALSE
5937028,Armstrong,5929005,Gibsons,510,6h10m,,TRUE
5937028,Armstrong,5924025,Gold River,787,10h30m,,TRUE
5937028,Armstrong,5939007,Golden,274,3h10m,,FALSE
5937028,Armstrong,5905032,Grand Forks,274,3h20m,,FALSE
5937028,Armstrong,5905042,Greenwood,233,3h,,FALSE
5937028,Armstrong,5909027,Harrison Hot Springs,356,3h50m,,FALSE
5937028,Armstrong,5949022,Hazelton,1174,13h50m,,FALSE
5937028,Armstrong,5917049,Highlands,652,9h10m,,TRUE
5937028,Armstrong,5909009,Hope,316,3h20m,,FALSE
5937028,Armstrong,5951034,Houston,1039,12h10m,,FALSE
5937028,Armstrong,5955025,Hudson's Hope,1113,13h10m,,FALSE
5937028,Armstrong,5901039,Invermere,395,4h50m,,FALSE
5937028,Armstrong,5933042,Kamloops,125,1h40m,,FALSE
5937028,Armstrong,5903023,Kaslo,309,4h10m,,TRUE
5937028,Armstrong,5935010,Kelowna,72,50m,,FALSE
5937028,Armstrong,5909032,Kent,352,3h50m,,FALSE
5937028,Armstrong,5907009,Keremeos,183,2h20m,,FALSE
5937028,Armstrong,5901028,Kimberley,510,6h20m,,FALSE
5937028,Armstrong,5949005,Kitimat,1371,16h10m,,FALSE
5937028,Armstrong,5919021,Ladysmith,571,8h,,TRUE
5937028,Armstrong,5935016,Lake Country,54,40m,,FALSE
5937028,Armstrong,5919016,Lake Cowichan,619,8h40m,,TRUE
5937028,Armstrong,5917044,Langford,641,9h,,TRUE
5937028,Armstrong,5915001,Langley,420,4h20m,,FALSE
5937028,Armstrong,5915002,Langley,429,4h30m,,FALSE
5937028,Armstrong,5921008,Lantzville,556,8h,,TRUE
5937028,Armstrong,5931026,Lillooet,297,3h40m,,FALSE
5937028,Armstrong,5915065,Lions Bay,495,5h10m,,FALSE
5937028,Armstrong,5933035,Logan Lake,198,2h30m,,FALSE
5937028,Armstrong,5937005,Lumby,49,40m,,FALSE
5937028,Armstrong,5933015,Lytton,289,3h30m,,FALSE
5937028,Armstrong,5953033,Mackenzie,913,10h50m,,FALSE
5937028,Armstrong,5915075,Maple Ridge,435,4h40m,,FALSE
5937028,Armstrong,5947023,Masset,1748,1D2h10m,,TRUE
5937028,Armstrong,5953012,McBride,522,6h10m,,FALSE
5937028,Armstrong,5933006,Merritt,202,2h10m,,FALSE
5937028,Armstrong,5917042,Metchosin,658,9h20m,,TRUE
5937028,Armstrong,5905037,Midway,217,2h40m,,FALSE
5937028,Armstrong,5909056,Mission,420,4h30m,,FALSE
5937028,Armstrong,5905009,Montrose,387,4h50m,,FALSE
5937028,Armstrong,5903050,Nakusp,217,3h,,TRUE
5937028,Armstrong,5921007,Nanaimo,545,7h50m,,TRUE
5937028,Armstrong,5903015,Nelson,408,5h,,FALSE
5937028,Armstrong,5903032,New Denver,262,3h40m,,TRUE
5937028,Armstrong,5949024,New Hazelton,1168,13h40m,,FALSE
5937028,Armstrong,5915029,New Westminster,450,4h40m,,FALSE
5937028,Armstrong,5949035,Nisga'a,1423,17h10m,,FALSE
5937028,Armstrong,5919008,North Cowichan,588,8h20m,,TRUE
5937028,Armstrong,5917005,North Saanich,573,8h40m,,TRUE
5937028,Armstrong,5915051,North Vancouver,469,4h50m,,FALSE
5937028,Armstrong,5915046,North Vancouver,477,6h,,FALSE
5937028,Armstrong,5917030,Oak Bay,661,9h20m,,TRUE
5937028,Armstrong,5907014,Oliver,178,2h10m,,FALSE
5937028,Armstrong,5941005,One Hundred Mile House,316,3h40m,,FALSE
5937028,Armstrong,5907005,Osoyoos,200,2h30m,,FALSE
5937028,Armstrong,5921018,Parksville,575,8h10m,,TRUE
5937028,Armstrong,5935018,Peachland,101,1h20m,,FALSE
5937028,Armstrong,5931012,Pemberton,390,4h50m,,FALSE
5937028,Armstrong,5907041,Penticton,140,1h50m,,FALSE
5937028,Armstrong,5915070,Pitt Meadows,441,4h50m,,FALSE
5937028,Armstrong,5923008,Port Alberni,624,8h40m,,TRUE
5937028,Armstrong,5943017,Port Alice,938,12h20m,,TRUE
5937028,Armstrong,5947030,Port Clements,1706,1D1h50m,,TRUE
5937028,Armstrong,5915039,Port Coquitlam,442,4h40m,,FALSE
5937028,Armstrong,5947007,Port Edward,1424,16h40m,,FALSE
5937028,Armstrong,5943023,Port Hardy,922,12h10m,,TRUE
5937028,Armstrong,5943012,Port McNeill,890,11h50m,,TRUE
5937028,Armstrong,5915043,Port Moody,452,4h50m,,FALSE
5937028,Armstrong,5955005,Pouce Coupe,1075,12h10m,,FALSE
5937028,Armstrong,5927008,Powell River,639,8h40m,,TRUE
5937028,Armstrong,5953023,Prince George,732,8h40m,,FALSE
5937028,Armstrong,5947012,Prince Rupert,1456,17h10m,,FALSE
5937028,Armstrong,5907024,Princeton,237,2h40m,,FALSE
5937028,Armstrong,5921023,Qualicum Beach,588,8h20m,,TRUE
5937028,Armstrong,5947026,Queen Charlotte,1650,1D1h10m,,TRUE
5937028,Armstrong,5941013,Quesnel,523,6h10m,,FALSE
5937028,Armstrong,5901040,Radium Hot Springs,377,4h30m,,FALSE
5937028,Armstrong,5939019,Revelstoke,127,1h30m,,FALSE
5937028,Armstrong,5915015,Richmond,479,5h,,FALSE
5937028,Armstrong,5905023,Rossland,363,4h30m,,FALSE
5937028,Armstrong,5917021,Saanich,656,9h10m,,TRUE
5937028,Armstrong,5903011,Salmo,403,5h,,FALSE
5937028,Armstrong,5939032,Salmon Arm,40,30m,,FALSE
5937028,Armstrong,5924039,Sayward,769,10h20m,,TRUE
5937028,Armstrong,5929011,Sechelt,535,6h30m,,TRUE
5937028,Armstrong,5939045,Sicamous,54,40m,,FALSE
5937028,Armstrong,5917010,Sidney,570,8h30m,,TRUE
5937028,Armstrong,5903027,Silverton,267,3h40m,,TRUE
5937028,Armstrong,5903019,Slocan,294,4h,,TRUE
5937028,Armstrong,5951043,Smithers,1102,12h50m,,FALSE
5937028,Armstrong,5917052,Sooke,661,9h20m,,TRUE
5937028,Armstrong,5937024,Spallumcheen,1,,,FALSE
5937028,Armstrong,5931006,Squamish,532,5h40m,,FALSE
5937028,Armstrong,5949032,Stewart,1423,17h,,FALSE
5937028,Armstrong,5907035,Summerland,123,1h30m,,FALSE
5937028,Armstrong,5933045,Sun Peaks Mountain,177,2h20m,,FALSE
5937028,Armstrong,5915004,Surrey,438,4h40m,,FALSE
5937028,Armstrong,5924030,Tahsis,847,12h30m,,TRUE
5937028,Armstrong,5955030,Taylor,1143,12h50m,,FALSE
5937028,Armstrong,5951038,Telkwa,1089,12h50m,,FALSE
5937028,Armstrong,5949011,Terrace,1308,15h20m,,FALSE
5937028,Armstrong,5923025,Tofino,744,10h20m,,TRUE
5937028,Armstrong,5905014,Trail,378,4h40m,,FALSE
5937028,Armstrong,5955003,Tumbler Ridge,1124,13h10m,,FALSE
5937028,Armstrong,5923019,Ucluelet,721,10h,,TRUE
5937028,Armstrong,5953007,Valemount,440,5h10m,,FALSE
5937028,Armstrong,5915022,Vancouver,464,5h,,FALSE
5937028,Armstrong,5951007,Vanderhoof,830,9h40m,,FALSE
5937028,Armstrong,5937014,Vernon,31,30m,,FALSE
5937028,Armstrong,5917034,Victoria,657,9h10m,,TRUE
5937028,Armstrong,5917047,View Royal,647,9h,,TRUE
5937028,Armstrong,5905018,Warfield,373,4h40m,,FALSE
5937028,Armstrong,5941025,Wells,612,8h10m,,FALSE
5937028,Armstrong,5935029,West Kelowna,87,1h10m,,FALSE
5937028,Armstrong,5915055,West Vancouver,488,5h10m,,FALSE
5937028,Armstrong,5931020,Whistler,424,5h20m,,FALSE
5937028,Armstrong,5915007,White Rock,439,4h40m,,FALSE
5937028,Armstrong,5941009,Williams Lake,407,4h50m,,FALSE
5937028,Armstrong,5924029,Zeballos,886,12h30m,,TRUE
5933019,Ashcroft,5933074,Barriere,161,1h50m,,FALSE
5933019,Ashcroft,5915036,Belcarra,321,3h50m,,FALSE
5933019,Ashcroft,5915062,Bowen Island,359,4h30m,,TRUE
5933019,Ashcroft,5915025,Burnaby,318,3h30m,,FALSE
5933019,Ashcroft,5951022,Burns Lake,937,10h50m,,FALSE
5933019,Ashcroft,5933024,Cache Creek,13,10m,,FALSE
5933019,Ashcroft,5924034,Campbell River,558,8h10m,,TRUE
5933019,Ashcroft,5901043,Canal Flats,623,7h30m,,FALSE
5933019,Ashcroft,5903045,Castlegar,523,6h30m,,FALSE
5933019,Ashcroft,5917015,Central Saanich,533,8h10m,,TRUE
5933019,Ashcroft,5933054,Chase,153,1h40m,,FALSE
5933019,Ashcroft,5955010,Chetwynd,1017,11h50m,,FALSE
5933019,Ashcroft,5909020,Chilliwack,229,2h40m,,FALSE
5933019,Ashcroft,5933067,Clearwater,222,2h40m,,FALSE
5933019,Ashcroft,5933028,Clinton,54,40m,,FALSE
5933019,Ashcroft,5937010,Coldstream,221,2h40m,,FALSE
5933019,Ashcroft,5917041,Colwood,515,8h,,TRUE
5933019,Ashcroft,5926005,Comox,522,7h50m,,TRUE
5933019,Ashcroft,5915034,Coquitlam,314,3h40m,,FALSE
5933019,Ashcroft,5926010,Courtenay,517,7h50m,,TRUE
5933019,Ashcroft,5901022,Cranbrook,704,8h30m,,FALSE
5933019,Ashcroft,5903004,Creston,642,7h40m,,FALSE
5933019,Ashcroft,5926014,Cumberland,511,7h40m,,TRUE
5933019,Ashcroft,5955014,Dawson Creek,1062,11h50m,,FALSE
5933019,Ashcroft,5915011,Delta,336,3h50m,,FALSE
5933019,Ashcroft,5919012,Duncan,462,7h10m,,TRUE
5933019,Ashcroft,5901003,Elkford,846,10h40m,,FALSE
5933019,Ashcroft,5937033,Enderby,229,2h40m,,FALSE
5933019,Ashcroft,5917040,Esquimalt,519,8h,,TRUE
5933019,Ashcroft,5901012,Fernie,781,9h20m,,FALSE
5933019,Ashcroft,5951013,Fort St. James,873,10h10m,,FALSE
5933019,Ashcroft,5955034,Fort St. John,1138,12h40m,,FALSE
5933019,Ashcroft,5951009,Fraser Lake,865,10h,,FALSE
5933019,Ashcroft,5905005,Fruitvale,549,6h50m,,FALSE
5933019,Ashcroft,5929005,Gibsons,375,5h,,TRUE
5933019,Ashcroft,5924025,Gold River,652,9h20m,,TRUE
5933019,Ashcroft,5939007,Golden,455,5h20m,,FALSE
5933019,Ashcroft,5905032,Grand Forks,428,5h20m,,FALSE
5933019,Ashcroft,5905042,Greenwood,387,4h50m,,FALSE
5933019,Ashcroft,5909027,Harrison Hot Springs,215,2h30m,,FALSE
5933019,Ashcroft,5949022,Hazelton,1152,13h20m,,FALSE
5933019,Ashcroft,5917049,Highlands,517,8h,,TRUE
5933019,Ashcroft,5909009,Hope,179,2h,,FALSE
5933019,Ashcroft,5951034,Houston,1017,11h50m,,FALSE
5933019,Ashcroft,5955025,Hudson's Hope,1087,12h50m,,FALSE
5933019,Ashcroft,5901039,Invermere,576,6h50m,,FALSE
5933019,Ashcroft,5933042,Kamloops,99,1h10m,,FALSE
5933019,Ashcroft,5903023,Kaslo,499,6h20m,,TRUE
5933019,Ashcroft,5935010,Kelowna,230,2h50m,,FALSE
5933019,Ashcroft,5909032,Kent,211,2h30m,,FALSE
5933019,Ashcroft,5907009,Keremeos,255,3h20m,,FALSE
5933019,Ashcroft,5901028,Kimberley,691,8h20m,,FALSE
5933019,Ashcroft,5949005,Kitimat,1349,15h50m,,FALSE
5933019,Ashcroft,5919021,Ladysmith,436,6h50m,,TRUE
5933019,Ashcroft,5935016,Lake Country,243,3h,,FALSE
5933019,Ashcroft,5919016,Lake Cowichan,485,7h30m,,TRUE
5933019,Ashcroft,5917044,Langford,506,7h40m,,TRUE
5933019,Ashcroft,5915001,Langley,285,3h10m,,FALSE
5933019,Ashcroft,5915002,Langley,294,3h20m,,FALSE
5933019,Ashcroft,5921008,Lantzville,421,6h40m,,TRUE
5933019,Ashcroft,5931026,Lillooet,107,1h30m,,FALSE
5933019,Ashcroft,5915065,Lions Bay,321,4h,,FALSE
5933019,Ashcroft,5933035,Logan Lake,49,40m,,FALSE
5933019,Ashcroft,5937005,Lumby,238,2h50m,,FALSE
5933019,Ashcroft,5933015,Lytton,72,50m,,FALSE
5933019,Ashcroft,5953033,Mackenzie,890,10h30m,,FALSE
5933019,Ashcroft,5915075,Maple Ridge,300,3h30m,,FALSE
5933019,Ashcroft,5947023,Masset,1726,1D1h50m,,TRUE
5933019,Ashcroft,5953012,McBride,499,5h50m,,FALSE
5933019,Ashcroft,5933006,Merritt,100,1h30m,,FALSE
5933019,Ashcroft,5917042,Metchosin,523,8h10m,,TRUE
5933019,Ashcroft,5905037,Midway,371,4h40m,,FALSE
5933019,Ashcroft,5909056,Mission,285,3h20m,,FALSE
5933019,Ashcroft,5905009,Montrose,544,6h50m,,FALSE
5933019,Ashcroft,5903050,Nakusp,406,5h,,TRUE
5933019,Ashcroft,5921007,Nanaimo,410,6h30m,,TRUE
5933019,Ashcroft,5903015,Nelson,565,7h,,FALSE
5933019,Ashcroft,5903032,New Denver,453,5h40m,,TRUE
5933019,Ashcroft,5949024,New Hazelton,1146,13h20m,,FALSE
5933019,Ashcroft,5915029,New Westminster,316,3h30m,,FALSE
5933019,Ashcroft,5949035,Nisga'a,1401,16h50m,,FALSE
5933019,Ashcroft,5919008,North Cowichan,453,7h10m,,TRUE
5933019,Ashcroft,5917005,North Saanich,438,7h30m,,TRUE
5933019,Ashcroft,5915051,North Vancouver,334,3h40m,,FALSE
5933019,Ashcroft,5915046,North Vancouver,342,4h50m,,FALSE
5933019,Ashcroft,5917030,Oak Bay,526,8h10m,,TRUE
5933019,Ashcroft,5907014,Oliver,292,3h40m,,FALSE
5933019,Ashcroft,5941005,One Hundred Mile House,125,1h30m,,FALSE
5933019,Ashcroft,5907005,Osoyoos,304,3h50m,,FALSE
5933019,Ashcroft,5921018,Parksville,440,7h,,TRUE
5933019,Ashcroft,5935018,Peachland,215,2h40m,,FALSE
5933019,Ashcroft,5931012,Pemberton,200,2h40m,,FALSE
5933019,Ashcroft,5907041,Penticton,254,3h10m,,FALSE
5933019,Ashcroft,5915070,Pitt Meadows,306,3h40m,,FALSE
5933019,Ashcroft,5923008,Port Alberni,489,7h30m,,TRUE
5933019,Ashcroft,5943017,Port Alice,803,11h10m,,TRUE
5933019,Ashcroft,5947030,Port Clements,1684,1D1h20m,,TRUE
5933019,Ashcroft,5915039,Port Coquitlam,307,3h30m,,FALSE
5933019,Ashcroft,5947007,Port Edward,1402,16h10m,,FALSE
5933019,Ashcroft,5943023,Port Hardy,787,11h,,TRUE
5933019,Ashcroft,5943012,Port McNeill,755,10h40m,,TRUE
5933019,Ashcroft,5915043,Port Moody,317,3h40m,,FALSE
5933019,Ashcroft,5955005,Pouce Coupe,1053,11h50m,,FALSE
5933019,Ashcroft,5927008,Powell River,504,7h30m,,TRUE
5933019,Ashcroft,5953023,Prince George,710,8h10m,,FALSE
5933019,Ashcroft,5947012,Prince Rupert,1434,16h50m,,FALSE
5933019,Ashcroft,5907024,Princeton,188,2h30m,,FALSE
5933019,Ashcroft,5921023,Qualicum Beach,453,7h10m,,TRUE
5933019,Ashcroft,5947026,Queen Charlotte,1628,1D50m,,TRUE
5933019,Ashcroft,5941013,Quesnel,333,3h50m,,FALSE
5933019,Ashcroft,5901040,Radium Hot Springs,558,6h30m,,FALSE
5933019,Ashcroft,5939019,Revelstoke,308,3h30m,,FALSE
5933019,Ashcroft,5915015,Richmond,344,3h50m,,FALSE
5933019,Ashcroft,5905023,Rossland,520,6h30m,,FALSE
5933019,Ashcroft,5917021,Saanich,521,8h,,TRUE
5933019,Ashcroft,5903011,Salmo,560,6h50m,,FALSE
5933019,Ashcroft,5939032,Salmon Arm,204,2h20m,,FALSE
5933019,Ashcroft,5924039,Sayward,635,9h10m,,TRUE
5933019,Ashcroft,5929011,Sechelt,400,5h20m,,TRUE
5933019,Ashcroft,5939045,Sicamous,235,2h40m,,FALSE
5933019,Ashcroft,5917010,Sidney,435,7h20m,,TRUE
5933019,Ashcroft,5903027,Silverton,457,5h40m,,TRUE
5933019,Ashcroft,5903019,Slocan,485,6h10m,,TRUE
5933019,Ashcroft,5951043,Smithers,1079,12h30m,,FALSE
5933019,Ashcroft,5917052,Sooke,527,8h10m,,TRUE
5933019,Ashcroft,5937024,Spallumcheen,216,2h40m,,FALSE
5933019,Ashcroft,5931006,Squamish,283,3h40m,,FALSE
5933019,Ashcroft,5949032,Stewart,1401,16h40m,,FALSE
5933019,Ashcroft,5907035,Summerland,237,2h50m,,FALSE
5933019,Ashcroft,5933045,Sun Peaks Mountain,154,1h50m,,FALSE
5933019,Ashcroft,5915004,Surrey,304,3h30m,,FALSE
5933019,Ashcroft,5924030,Tahsis,713,11h20m,,TRUE
5933019,Ashcroft,5955030,Taylor,1120,12h30m,,FALSE
5933019,Ashcroft,5951038,Telkwa,1067,12h20m,,FALSE
5933019,Ashcroft,5949011,Terrace,1286,14h50m,,FALSE
5933019,Ashcroft,5923025,Tofino,609,9h10m,,TRUE
5933019,Ashcroft,5905014,Trail,535,6h40m,,FALSE
5933019,Ashcroft,5955003,Tumbler Ridge,1102,12h50m,,FALSE
5933019,Ashcroft,5923019,Ucluelet,587,8h50m,,TRUE
5933019,Ashcroft,5953007,Valemount,418,4h50m,,FALSE
5933019,Ashcroft,5915022,Vancouver,329,3h50m,,FALSE
5933019,Ashcroft,5951007,Vanderhoof,808,9h20m,,FALSE
5933019,Ashcroft,5937014,Vernon,220,2h40m,,FALSE
5933019,Ashcroft,5917034,Victoria,522,8h,,TRUE
5933019,Ashcroft,5917047,View Royal,512,7h50m,,TRUE
5933019,Ashcroft,5905018,Warfield,531,6h30m,,FALSE
5933019,Ashcroft,5941025,Wells,422,5h50m,,FALSE
5933019,Ashcroft,5935029,West Kelowna,217,2h40m,,FALSE
5933019,Ashcroft,5915055,West Vancouver,353,4h,,FALSE
5933019,Ashcroft,5931020,Whistler,234,3h,,FALSE
5933019,Ashcroft,5915007,White Rock,304,3h30m,,FALSE
5933019,Ashcroft,5941009,Williams Lake,217,2h30m,,FALSE
5933019,Ashcroft,5924029,Zeballos,751,11h20m,,TRUE
5933074,Barriere,5915036,Belcarra,408,4h20m,,FALSE
5933074,Barriere,5915062,Bowen Island,447,5h,,TRUE
5933074,Barriere,5915025,Burnaby,405,4h10m,,FALSE
5933074,Barriere,5951022,Burns Lake,777,9h,,FALSE
5933074,Barriere,5933024,Cache Creek,149,1h50m,,FALSE
5933074,Barriere,5924034,Campbell River,646,8h40m,,TRUE
5933074,Barriere,5901043,Canal Flats,590,7h10m,,FALSE
5933074,Barriere,5903045,Castlegar,525,6h30m,,FALSE
5933074,Barriere,5917015,Central Saanich,620,8h40m,,TRUE
5933074,Barriere,5933054,Chase,119,1h20m,,FALSE
5933074,Barriere,5955010,Chetwynd,857,10h,,FALSE
5933074,Barriere,5909020,Chilliwack,317,3h10m,,FALSE
5933074,Barriere,5933067,Clearwater,62,50m,,FALSE
5933074,Barriere,5933028,Clinton,189,2h10m,,FALSE
5933074,Barriere,5937010,Coldstream,188,2h20m,,FALSE
5933074,Barriere,5917041,Colwood,603,8h30m,,TRUE
5933074,Barriere,5926005,Comox,610,8h30m,,TRUE
5933074,Barriere,5915034,Coquitlam,401,4h10m,,FALSE
5933074,Barriere,5926010,Courtenay,605,8h30m,,TRUE
5933074,Barriere,5901022,Cranbrook,671,8h10m,,FALSE
5933074,Barriere,5903004,Creston,644,7h40m,,FALSE
5933074,Barriere,5926014,Cumberland,599,8h20m,,TRUE
5933074,Barriere,5955014,Dawson Creek,902,10h,,FALSE
5933074,Barriere,5915011,Delta,423,4h20m,,FALSE
5933074,Barriere,5919012,Duncan,549,7h50m,,TRUE
5933074,Barriere,5901003,Elkford,813,10h20m,,FALSE
5933074,Barriere,5937033,Enderby,196,2h20m,,FALSE
5933074,Barriere,5917040,Esquimalt,606,8h30m,,TRUE
5933074,Barriere,5901012,Fernie,747,9h,,FALSE
5933074,Barriere,5951013,Fort St. James,713,8h20m,,FALSE
5933074,Barriere,5955034,Fort St. John,1008,11h50m,,FALSE
5933074,Barriere,5951009,Fraser Lake,706,8h10m,,FALSE
5933074,Barriere,5905005,Fruitvale,551,6h50m,,FALSE
5933074,Barriere,5929005,Gibsons,463,5h40m,,TRUE
5933074,Barriere,5924025,Gold River,740,9h50m,,TRUE
5933074,Barriere,5939007,Golden,422,5h,,FALSE
5933074,Barriere,5905032,Grand Forks,430,5h20m,,FALSE
5933074,Barriere,5905042,Greenwood,389,4h50m,,FALSE
5933074,Barriere,5909027,Harrison Hot Springs,309,3h20m,,FALSE
5933074,Barriere,5949022,Hazelton,992,11h30m,,FALSE
5933074,Barriere,5917049,Highlands,604,8h30m,,TRUE
5933074,Barriere,5909009,Hope,269,2h40m,,FALSE
5933074,Barriere,5951034,Houston,857,10h,,FALSE
5933074,Barriere,5955025,Hudson's Hope,931,11h,,FALSE
5933074,Barriere,5901039,Invermere,543,6h30m,,FALSE
5933074,Barriere,5933042,Kamloops,65,50m,,FALSE
5933074,Barriere,5903023,Kaslo,466,6h,,TRUE
5933074,Barriere,5935010,Kelowna,229,2h50m,,FALSE
5933074,Barriere,5909032,Kent,305,3h10m,,FALSE
5933074,Barriere,5907009,Keremeos,305,3h20m,,FALSE
5933074,Barriere,5901028,Kimberley,658,8h,,FALSE
5933074,Barriere,5949005,Kitimat,1189,14h,,FALSE
5933074,Barriere,5919021,Ladysmith,524,7h30m,,TRUE
5933074,Barriere,5935016,Lake Country,210,2h40m,,FALSE
5933074,Barriere,5919016,Lake Cowichan,572,8h,,TRUE
5933074,Barriere,5917044,Langford,594,8h20m,,TRUE
5933074,Barriere,5915001,Langley,373,3h50m,,FALSE
5933074,Barriere,5915002,Langley,382,3h50m,,FALSE
5933074,Barriere,5921008,Lantzville,509,7h20m,,TRUE
5933074,Barriere,5931026,Lillooet,241,3h,,FALSE
5933074,Barriere,5915065,Lions Bay,448,4h30m,,FALSE
5933074,Barriere,5933035,Logan Lake,142,1h50m,,FALSE
5933074,Barriere,5937005,Lumby,205,2h30m,,FALSE
5933074,Barriere,5933015,Lytton,233,2h40m,,FALSE
5933074,Barriere,5953033,Mackenzie,731,8h40m,,FALSE
5933074,Barriere,5915075,Maple Ridge,388,4h10m,,FALSE
5933074,Barriere,5947023,Masset,1566,1D,,TRUE
5933074,Barriere,5953012,McBride,339,4h,,FALSE
5933074,Barriere,5933006,Merritt,152,1h40m,,FALSE
5933074,Barriere,5917042,Metchosin,611,8h40m,,TRUE
5933074,Barriere,5905037,Midway,373,4h40m,,FALSE
5933074,Barriere,5909056,Mission,372,4h,,FALSE
5933074,Barriere,5905009,Montrose,546,6h50m,,FALSE
5933074,Barriere,5903050,Nakusp,373,4h40m,,TRUE
5933074,Barriere,5921007,Nanaimo,498,7h10m,,TRUE
5933074,Barriere,5903015,Nelson,520,6h40m,,TRUE
5933074,Barriere,5903032,New Denver,420,5h20m,,TRUE
5933074,Barriere,5949024,New Hazelton,986,11h30m,,FALSE
5933074,Barriere,5915029,New Westminster,403,4h10m,,FALSE
5933074,Barriere,5949035,Nisga'a,1241,15h,,FALSE
5933074,Barriere,5919008,North Cowichan,541,7h40m,,TRUE
5933074,Barriere,5917005,North Saanich,526,8h,,TRUE
5933074,Barriere,5915051,North Vancouver,422,4h20m,,FALSE
5933074,Barriere,5915046,North Vancouver,430,5h30m,,FALSE
5933074,Barriere,5917030,Oak Bay,614,8h40m,,TRUE
5933074,Barriere,5907014,Oliver,342,3h40m,,FALSE
5933074,Barriere,5941005,One Hundred Mile House,137,1h40m,,FALSE
5933074,Barriere,5907005,Osoyoos,354,4h,,FALSE
5933074,Barriere,5921018,Parksville,528,7h30m,,TRUE
5933074,Barriere,5935018,Peachland,264,2h40m,,FALSE
5933074,Barriere,5931012,Pemberton,334,4h10m,,FALSE
5933074,Barriere,5907041,Penticton,304,3h20m,,FALSE
5933074,Barriere,5915070,Pitt Meadows,394,4h20m,,FALSE
5933074,Barriere,5923008,Port Alberni,576,8h10m,,TRUE
5933074,Barriere,5943017,Port Alice,890,11h50m,,TRUE
5933074,Barriere,5947030,Port Clements,1524,23h30m,,TRUE
5933074,Barriere,5915039,Port Coquitlam,394,4h,,FALSE
5933074,Barriere,5947007,Port Edward,1242,14h20m,,FALSE
5933074,Barriere,5943023,Port Hardy,875,11h40m,,TRUE
5933074,Barriere,5943012,Port McNeill,843,11h10m,,TRUE
5933074,Barriere,5915043,Port Moody,405,4h20m,,FALSE
5933074,Barriere,5955005,Pouce Coupe,893,10h,,FALSE
5933074,Barriere,5927008,Powell River,592,8h10m,,TRUE
5933074,Barriere,5953023,Prince George,550,6h20m,,FALSE
5933074,Barriere,5947012,Prince Rupert,1274,15h,,FALSE
5933074,Barriere,5907024,Princeton,238,2h40m,,FALSE
5933074,Barriere,5921023,Qualicum Beach,541,7h40m,,TRUE
5933074,Barriere,5947026,Queen Charlotte,1468,23h,,TRUE
5933074,Barriere,5941013,Quesnel,344,4h10m,,FALSE
5933074,Barriere,5901040,Radium Hot Springs,525,6h10m,,FALSE
5933074,Barriere,5939019,Revelstoke,275,3h10m,,FALSE
5933074,Barriere,5915015,Richmond,432,4h30m,,FALSE
5933074,Barriere,5905023,Rossland,522,6h30m,,FALSE
5933074,Barriere,5917021,Saanich,609,8h30m,,TRUE
5933074,Barriere,5903011,Salmo,562,6h50m,,FALSE
5933074,Barriere,5939032,Salmon Arm,171,2h,,FALSE
5933074,Barriere,5924039,Sayward,722,9h40m,,TRUE
5933074,Barriere,5929011,Sechelt,487,6h,,TRUE
5933074,Barriere,5939045,Sicamous,202,2h20m,,FALSE
5933074,Barriere,5917010,Sidney,523,8h,,TRUE
5933074,Barriere,5903027,Silverton,424,5h30m,,TRUE
5933074,Barriere,5903019,Slocan,452,5h50m,,TRUE
5933074,Barriere,5951043,Smithers,920,10h40m,,FALSE
5933074,Barriere,5917052,Sooke,614,8h40m,,TRUE
5933074,Barriere,5937024,Spallumcheen,182,2h20m,,FALSE
5933074,Barriere,5931006,Squamish,485,5h,,FALSE
5933074,Barriere,5949032,Stewart,1241,14h50m,,FALSE
5933074,Barriere,5907035,Summerland,287,3h,,FALSE
5933074,Barriere,5933045,Sun Peaks Mountain,73,1h,,FALSE
5933074,Barriere,5915004,Surrey,391,4h,,FALSE
5933074,Barriere,5924030,Tahsis,800,11h50m,,TRUE
5933074,Barriere,5955030,Taylor,961,10h40m,,FALSE
5933074,Barriere,5951038,Telkwa,907,10h40m,,FALSE
5933074,Barriere,5949011,Terrace,1126,13h10m,,FALSE
5933074,Barriere,5923025,Tofino,697,9h40m,,TRUE
5933074,Barriere,5905014,Trail,537,6h40m,,FALSE
5933074,Barriere,5955003,Tumbler Ridge,942,11h,,FALSE
5933074,Barriere,5923019,Ucluelet,674,9h30m,,TRUE
5933074,Barriere,5953007,Valemount,258,3h,,FALSE
5933074,Barriere,5915022,Vancouver,417,4h20m,,FALSE
5933074,Barriere,5951007,Vanderhoof,648,7h30m,,FALSE
5933074,Barriere,5937014,Vernon,187,2h20m,,FALSE
5933074,Barriere,5917034,Victoria,610,8h30m,,TRUE
5933074,Barriere,5917047,View Royal,600,8h20m,,TRUE
5933074,Barriere,5905018,Warfield,533,6h30m,,FALSE
5933074,Barriere,5941025,Wells,433,6h10m,,FALSE
5933074,Barriere,5935029,West Kelowna,266,2h50m,,FALSE
5933074,Barriere,5915055,West Vancouver,440,4h40m,,FALSE
5933074,Barriere,5931020,Whistler,368,4h40m,,FALSE
5933074,Barriere,5915007,White Rock,392,4h10m,,FALSE
5933074,Barriere,5941009,Williams Lake,228,2h50m,,FALSE
5933074,Barriere,5924029,Zeballos,839,11h50m,,TRUE
5915036,Belcarra,5915062,Bowen Island,60,1h20m,,TRUE
5915036,Belcarra,5915025,Burnaby,22,30m,,FALSE
5915036,Belcarra,5951022,Burns Lake,1183,13h20m,,FALSE
5915036,Belcarra,5933024,Cache Creek,334,3h50m,,FALSE
5915036,Belcarra,5924034,Campbell River,259,5h,,TRUE
5915036,Belcarra,5901043,Canal Flats,870,9h50m,,FALSE
5915036,Belcarra,5903045,Castlegar,608,7h10m,,FALSE
5915036,Belcarra,5917015,Central Saanich,233,5h,,TRUE
5915036,Belcarra,5933054,Chase,399,4h10m,,FALSE
5915036,Belcarra,5955010,Chetwynd,1263,14h10m,,FALSE
5915036,Belcarra,5909020,Chilliwack,94,1h10m,,FALSE
5915036,Belcarra,5933067,Clearwater,469,5h,,FALSE
5915036,Belcarra,5933028,Clinton,375,4h20m,,FALSE
5915036,Belcarra,5937010,Coldstream,441,4h40m,,FALSE
5915036,Belcarra,5917041,Colwood,216,4h50m,,TRUE
5915036,Belcarra,5926005,Comox,223,4h50m,,TRUE
5915036,Belcarra,5915034,Coquitlam,14,20m,,FALSE
5915036,Belcarra,5926010,Courtenay,218,4h40m,,TRUE
5915036,Belcarra,5901022,Cranbrook,836,9h40m,,FALSE
5915036,Belcarra,5903004,Creston,727,8h20m,,FALSE
5915036,Belcarra,5926014,Cumberland,212,4h40m,,TRUE
5915036,Belcarra,5955014,Dawson Creek,1309,14h20m,,FALSE
5915036,Belcarra,5915011,Delta,48,50m,,FALSE
5915036,Belcarra,5919012,Duncan,162,4h,,TRUE
5915036,Belcarra,5901003,Elkford,995,12h10m,,FALSE
5915036,Belcarra,5937033,Enderby,469,5h,,FALSE
5915036,Belcarra,5917040,Esquimalt,219,4h50m,,TRUE
5915036,Belcarra,5901012,Fernie,930,10h40m,,FALSE
5915036,Belcarra,5951013,Fort St. James,1120,12h40m,,FALSE
5915036,Belcarra,5955034,Fort St. John,1415,16h10m,,FALSE
5915036,Belcarra,5951009,Fraser Lake,1112,12h30m,,FALSE
5915036,Belcarra,5905005,Fruitvale,634,7h30m,,FALSE
5915036,Belcarra,5929005,Gibsons,76,1h50m,,TRUE
5915036,Belcarra,5924025,Gold River,353,6h10m,,TRUE
5915036,Belcarra,5939007,Golden,702,7h40m,,FALSE
5915036,Belcarra,5905032,Grand Forks,513,6h,,FALSE
5915036,Belcarra,5905042,Greenwood,472,5h30m,,FALSE
5915036,Belcarra,5909027,Harrison Hot Springs,106,1h30m,,FALSE
5915036,Belcarra,5949022,Hazelton,1399,15h50m,,FALSE
5915036,Belcarra,5917049,Highlands,218,4h50m,,TRUE
5915036,Belcarra,5909009,Hope,142,1h40m,,FALSE
5915036,Belcarra,5951034,Houston,1264,14h10m,,FALSE
5915036,Belcarra,5955025,Hudson's Hope,1338,15h20m,,FALSE
5915036,Belcarra,5901039,Invermere,823,9h20m,,FALSE
5915036,Belcarra,5933042,Kamloops,346,3h40m,,FALSE
5915036,Belcarra,5903023,Kaslo,717,8h30m,,TRUE
5915036,Belcarra,5935010,Kelowna,384,4h,,FALSE
5915036,Belcarra,5909032,Kent,102,1h30m,,FALSE
5915036,Belcarra,5907009,Keremeos,340,4h,,FALSE
5915036,Belcarra,5901028,Kimberley,862,10h,,FALSE
5915036,Belcarra,5949005,Kitimat,1596,18h20m,,FALSE
5915036,Belcarra,5919021,Ladysmith,137,3h50m,,TRUE
5915036,Belcarra,5935016,Lake Country,408,4h20m,,FALSE
5915036,Belcarra,5919016,Lake Cowichan,185,4h20m,,TRUE
5915036,Belcarra,5917044,Langford,207,4h40m,,TRUE
5915036,Belcarra,5915002,Langley,36,40m,,FALSE
5915036,Belcarra,5915001,Langley,44,50m,,FALSE
5915036,Belcarra,5921008,Lantzville,122,3h40m,,TRUE
5915036,Belcarra,5931026,Lillooet,289,3h50m,,FALSE
5915036,Belcarra,5915065,Lions Bay,61,50m,,FALSE
5915036,Belcarra,5933035,Logan Lake,324,3h40m,,FALSE
5915036,Belcarra,5937005,Lumby,457,5h,,FALSE
5915036,Belcarra,5933015,Lytton,250,3h,,FALSE
5915036,Belcarra,5953033,Mackenzie,1137,12h50m,,FALSE
5915036,Belcarra,5915075,Maple Ridge,35,40m,,FALSE
5915036,Belcarra,5947023,Masset,1973,1D4h20m,,TRUE
5915036,Belcarra,5953012,McBride,746,8h10m,,FALSE
5915036,Belcarra,5933006,Merritt,260,2h50m,,FALSE
5915036,Belcarra,5917042,Metchosin,224,5h,,TRUE
5915036,Belcarra,5905037,Midway,456,5h20m,,FALSE
5915036,Belcarra,5909056,Mission,51,1h,,FALSE
5915036,Belcarra,5905009,Montrose,629,7h30m,,FALSE
5915036,Belcarra,5903050,Nakusp,626,7h20m,,TRUE
5915036,Belcarra,5921007,Nanaimo,111,3h30m,,TRUE
5915036,Belcarra,5903015,Nelson,650,7h40m,,FALSE
5915036,Belcarra,5903032,New Denver,671,7h50m,,TRUE
5915036,Belcarra,5949024,New Hazelton,1393,15h40m,,FALSE
5915036,Belcarra,5915029,New Westminster,22,30m,,FALSE
5915036,Belcarra,5949035,Nisga'a,1648,19h20m,,FALSE
5915036,Belcarra,5919008,North Cowichan,154,4h,,TRUE
5915036,Belcarra,5917005,North Saanich,243,5h10m,,TRUE
5915036,Belcarra,5915051,North Vancouver,35,40m,,FALSE
5915036,Belcarra,5915046,North Vancouver,43,1h40m,,FALSE
5915036,Belcarra,5917030,Oak Bay,227,5h,,TRUE
5915036,Belcarra,5907014,Oliver,399,4h40m,,FALSE
5915036,Belcarra,5941005,One Hundred Mile House,446,5h10m,,FALSE
5915036,Belcarra,5907005,Osoyoos,389,4h30m,,FALSE
5915036,Belcarra,5921018,Parksville,141,3h50m,,TRUE
5915036,Belcarra,5935018,Peachland,368,3h50m,,FALSE
5915036,Belcarra,5931012,Pemberton,181,2h20m,,FALSE
5915036,Belcarra,5907041,Penticton,408,4h20m,,FALSE
5915036,Belcarra,5915070,Pitt Meadows,24,40m,,FALSE
5915036,Belcarra,5923008,Port Alberni,189,4h30m,,TRUE
5915036,Belcarra,5943017,Port Alice,503,8h10m,,TRUE
5915036,Belcarra,5947030,Port Clements,1931,1D3h50m,,TRUE
5915036,Belcarra,5915039,Port Coquitlam,15,20m,,FALSE
5915036,Belcarra,5947007,Port Edward,1649,18h40m,,FALSE
5915036,Belcarra,5943023,Port Hardy,488,7h50m,,TRUE
5915036,Belcarra,5943012,Port McNeill,456,7h30m,,TRUE
5915036,Belcarra,5915043,Port Moody,4,10m,,FALSE
5915036,Belcarra,5955005,Pouce Coupe,1299,14h10m,,FALSE
5915036,Belcarra,5927008,Powell River,205,4h30m,,TRUE
5915036,Belcarra,5953023,Prince George,956,10h40m,,FALSE
5915036,Belcarra,5947012,Prince Rupert,1681,19h10m,,FALSE
5915036,Belcarra,5907024,Princeton,275,3h10m,,FALSE
5915036,Belcarra,5921023,Qualicum Beach,154,4h,,TRUE
5915036,Belcarra,5947026,Queen Charlotte,1875,1D3h10m,,TRUE
5915036,Belcarra,5941013,Quesnel,654,7h40m,,FALSE
5915036,Belcarra,5901040,Radium Hot Springs,805,9h,,FALSE
5915036,Belcarra,5939019,Revelstoke,555,6h,,FALSE
5915036,Belcarra,5915015,Richmond,45,50m,,FALSE
5915036,Belcarra,5905023,Rossland,605,7h10m,,FALSE
5915036,Belcarra,5917021,Saanich,222,4h50m,,TRUE
5915036,Belcarra,5903011,Salmo,645,7h30m,,FALSE
5915036,Belcarra,5939032,Salmon Arm,451,4h50m,,FALSE
5915036,Belcarra,5924039,Sayward,335,6h,,TRUE
5915036,Belcarra,5929011,Sechelt,100,2h20m,,TRUE
5915036,Belcarra,5939045,Sicamous,482,5h10m,,FALSE
5915036,Belcarra,5917010,Sidney,242,5h10m,,TRUE
5915036,Belcarra,5903027,Silverton,675,8h,,TRUE
5915036,Belcarra,5903019,Slocan,675,8h10m,,FALSE
5915036,Belcarra,5951043,Smithers,1326,15h,,FALSE
5915036,Belcarra,5917052,Sooke,227,5h,,TRUE
5915036,Belcarra,5937024,Spallumcheen,454,5h,,FALSE
5915036,Belcarra,5931006,Squamish,98,1h20m,,FALSE
5915036,Belcarra,5949032,Stewart,1648,19h,,FALSE
5915036,Belcarra,5907035,Summerland,391,4h10m,,FALSE
5915036,Belcarra,5933045,Sun Peaks Mountain,401,4h20m,,FALSE
5915036,Belcarra,5915004,Surrey,32,40m,,FALSE
5915036,Belcarra,5924030,Tahsis,413,8h10m,,TRUE
5915036,Belcarra,5955030,Taylor,1367,15h,,FALSE
5915036,Belcarra,5951038,Telkwa,1314,14h50m,,FALSE
5915036,Belcarra,5949011,Terrace,1533,17h20m,,FALSE
5915036,Belcarra,5923025,Tofino,310,6h,,TRUE
5915036,Belcarra,5905014,Trail,620,7h20m,,FALSE
5915036,Belcarra,5955003,Tumbler Ridge,1349,15h20m,,FALSE
5915036,Belcarra,5923019,Ucluelet,287,5h40m,,TRUE
5915036,Belcarra,5953007,Valemount,665,7h20m,,FALSE
5915036,Belcarra,5915022,Vancouver,34,40m,,FALSE
5915036,Belcarra,5951007,Vanderhoof,1055,11h50m,,FALSE
5915036,Belcarra,5937014,Vernon,437,4h50m,,FALSE
5915036,Belcarra,5917034,Victoria,223,4h50m,,TRUE
5915036,Belcarra,5917047,View Royal,213,4h40m,,TRUE
5915036,Belcarra,5905018,Warfield,616,7h20m,,FALSE
5915036,Belcarra,5941025,Wells,743,9h40m,,FALSE
5915036,Belcarra,5935029,West Kelowna,370,3h50m,,FALSE
5915036,Belcarra,5915055,West Vancouver,53,50m,,FALSE
5915036,Belcarra,5931020,Whistler,148,1h50m,,FALSE
5915036,Belcarra,5915007,White Rock,42,50m,,FALSE
5915036,Belcarra,5941009,Williams Lake,538,6h20m,,FALSE
5915036,Belcarra,5924029,Zeballos,452,8h10m,,TRUE
5915062,Bowen Island,5915025,Burnaby,42,50m,,TRUE
5915062,Bowen Island,5951022,Burns Lake,1222,13h50m,,TRUE
5915062,Bowen Island,5933024,Cache Creek,328,4h30m,,TRUE
5915062,Bowen Island,5924034,Campbell River,215,4h30m,,TRUE
5915062,Bowen Island,5901043,Canal Flats,908,10h30m,,TRUE
5915062,Bowen Island,5903045,Castlegar,646,7h40m,,TRUE
5915062,Bowen Island,5917015,Central Saanich,190,4h30m,,TRUE
5915062,Bowen Island,5933054,Chase,438,4h50m,,TRUE
5915062,Bowen Island,5955010,Chetwynd,1302,14h50m,,TRUE
5915062,Bowen Island,5909020,Chilliwack,133,1h50m,,TRUE
5915062,Bowen Island,5933067,Clearwater,507,5h40m,,TRUE
5915062,Bowen Island,5933028,Clinton,346,4h50m,,TRUE
5915062,Bowen Island,5937010,Coldstream,479,5h20m,,TRUE
5915062,Bowen Island,5917041,Colwood,173,4h10m,,TRUE
5915062,Bowen Island,5926005,Comox,179,4h10m,,TRUE
5915062,Bowen Island,5915034,Coquitlam,63,1h10m,,TRUE
5915062,Bowen Island,5926010,Courtenay,175,4h10m,,TRUE
5915062,Bowen Island,5901022,Cranbrook,874,10h10m,,TRUE
5915062,Bowen Island,5903004,Creston,765,9h,,TRUE
5915062,Bowen Island,5926014,Cumberland,169,4h,,TRUE
5915062,Bowen Island,5955014,Dawson Creek,1347,15h,,TRUE
5915062,Bowen Island,5915011,Delta,57,1h20m,,TRUE
5915062,Bowen Island,5919012,Duncan,119,3h30m,,TRUE
5915062,Bowen Island,5901003,Elkford,1034,12h40m,,TRUE
5915062,Bowen Island,5937033,Enderby,507,5h40m,,TRUE
5915062,Bowen Island,5917040,Esquimalt,176,4h20m,,TRUE
5915062,Bowen Island,5901012,Fernie,968,11h20m,,TRUE
5915062,Bowen Island,5951013,Fort St. James,1158,13h10m,,TRUE
5915062,Bowen Island,5955034,Fort St. John,1423,15h50m,,TRUE
5915062,Bowen Island,5951009,Fraser Lake,1151,13h,,TRUE
5915062,Bowen Island,5905005,Fruitvale,673,8h10m,,TRUE
5915062,Bowen Island,5929005,Gibsons,32,1h20m,,TRUE
5915062,Bowen Island,5924025,Gold River,310,5h40m,,TRUE
5915062,Bowen Island,5939007,Golden,741,8h20m,,TRUE
5915062,Bowen Island,5905032,Grand Forks,551,6h40m,,TRUE
5915062,Bowen Island,5905042,Greenwood,511,6h10m,,TRUE
5915062,Bowen Island,5909027,Harrison Hot Springs,160,2h10m,,TRUE
5915062,Bowen Island,5949022,Hazelton,1437,16h30m,,TRUE
5915062,Bowen Island,5917049,Highlands,174,4h20m,,TRUE
5915062,Bowen Island,5909009,Hope,180,2h20m,,TRUE
5915062,Bowen Island,5951034,Houston,1302,14h50m,,TRUE
5915062,Bowen Island,5955025,Hudson's Hope,1372,15h50m,,TRUE
5915062,Bowen Island,5901039,Invermere,862,9h50m,,TRUE
5915062,Bowen Island,5933042,Kamloops,384,4h20m,,TRUE
5915062,Bowen Island,5903023,Kaslo,755,9h10m,,TRUE
5915062,Bowen Island,5935010,Kelowna,422,4h40m,,TRUE
5915062,Bowen Island,5909032,Kent,156,2h10m,,TRUE
5915062,Bowen Island,5907009,Keremeos,379,4h40m,,TRUE
5915062,Bowen Island,5901028,Kimberley,901,10h30m,,TRUE
5915062,Bowen Island,5949005,Kitimat,1634,18h50m,,TRUE
5915062,Bowen Island,5919021,Ladysmith,94,3h10m,,TRUE
5915062,Bowen Island,5935016,Lake Country,446,5h,,TRUE
5915062,Bowen Island,5919016,Lake Cowichan,142,3h50m,,TRUE
5915062,Bowen Island,5917044,Langford,164,4h,,TRUE
5915062,Bowen Island,5915002,Langley,74,1h20m,,TRUE
5915062,Bowen Island,5915001,Langley,89,1h30m,,TRUE
5915062,Bowen Island,5921008,Lantzville,79,3h,,TRUE
5915062,Bowen Island,5931026,Lillooet,249,3h40m,,TRUE
5915062,Bowen Island,5915065,Lions Bay,21,40m,,TRUE
5915062,Bowen Island,5933035,Logan Lake,363,4h20m,,TRUE
5915062,Bowen Island,5937005,Lumby,496,5h30m,,TRUE
5915062,Bowen Island,5933015,Lytton,288,3h30m,,TRUE
5915062,Bowen Island,5953033,Mackenzie,1176,13h30m,,TRUE
5915062,Bowen Island,5915075,Maple Ridge,80,1h30m,,TRUE
5915062,Bowen Island,5947023,Masset,2012,1D4h50m,,TRUE
5915062,Bowen Island,5953012,McBride,785,8h50m,,TRUE
5915062,Bowen Island,5933006,Merritt,298,3h20m,,TRUE
5915062,Bowen Island,5917042,Metchosin,181,4h30m,,TRUE
5915062,Bowen Island,5905037,Midway,495,6h,,TRUE
5915062,Bowen Island,5909056,Mission,96,1h40m,,TRUE
5915062,Bowen Island,5905009,Montrose,668,8h10m,,TRUE
5915062,Bowen Island,5903050,Nakusp,664,7h50m,,TRUE
5915062,Bowen Island,5921007,Nanaimo,68,2h50m,,TRUE
5915062,Bowen Island,5903015,Nelson,689,8h20m,,TRUE
5915062,Bowen Island,5903032,New Denver,709,8h30m,,TRUE
5915062,Bowen Island,5949024,New Hazelton,1432,16h20m,,TRUE
5915062,Bowen Island,5915029,New Westminster,47,1h,,TRUE
5915062,Bowen Island,5949035,Nisga'a,1686,19h50m,,TRUE
5915062,Bowen Island,5919008,North Cowichan,111,3h30m,,TRUE
5915062,Bowen Island,5917005,North Saanich,200,4h40m,,TRUE
5915062,Bowen Island,5915051,North Vancouver,28,40m,,TRUE
5915062,Bowen Island,5915046,North Vancouver,45,1h50m,,TRUE
5915062,Bowen Island,5917030,Oak Bay,183,4h30m,,TRUE
5915062,Bowen Island,5907014,Oliver,437,5h20m,,TRUE
5915062,Bowen Island,5941005,One Hundred Mile House,417,5h30m,,TRUE
5915062,Bowen Island,5907005,Osoyoos,427,5h10m,,TRUE
5915062,Bowen Island,5921018,Parksville,98,3h20m,,TRUE
5915062,Bowen Island,5935018,Peachland,407,4h30m,,TRUE
5915062,Bowen Island,5931012,Pemberton,141,2h10m,,TRUE
5915062,Bowen Island,5907041,Penticton,446,5h,,TRUE
5915062,Bowen Island,5915070,Pitt Meadows,69,1h30m,,TRUE
5915062,Bowen Island,5923008,Port Alberni,146,3h50m,,TRUE
5915062,Bowen Island,5943017,Port Alice,460,7h30m,,TRUE
5915062,Bowen Island,5947030,Port Clements,1969,1D4h30m,,TRUE
5915062,Bowen Island,5915039,Port Coquitlam,60,1h,,TRUE
5915062,Bowen Island,5947007,Port Edward,1687,19h20m,,TRUE
5915062,Bowen Island,5943023,Port Hardy,445,7h20m,,TRUE
5915062,Bowen Island,5943012,Port McNeill,412,7h,,TRUE
5915062,Bowen Island,5915043,Port Moody,56,1h10m,,TRUE
5915062,Bowen Island,5955005,Pouce Coupe,1338,14h50m,,TRUE
5915062,Bowen Island,5927008,Powell River,161,3h50m,,TRUE
5915062,Bowen Island,5953023,Prince George,995,11h20m,,TRUE
5915062,Bowen Island,5947012,Prince Rupert,1719,19h50m,,TRUE
5915062,Bowen Island,5907024,Princeton,314,3h50m,,TRUE
5915062,Bowen Island,5921023,Qualicum Beach,110,3h20m,,TRUE
5915062,Bowen Island,5947026,Queen Charlotte,1913,1D3h50m,,TRUE
5915062,Bowen Island,5941013,Quesnel,625,8h,,TRUE
5915062,Bowen Island,5901040,Radium Hot Springs,843,9h40m,,TRUE
5915062,Bowen Island,5939019,Revelstoke,594,6h40m,,TRUE
5915062,Bowen Island,5915015,Richmond,44,1h10m,,TRUE
5915062,Bowen Island,5905023,Rossland,644,7h40m,,TRUE
5915062,Bowen Island,5917021,Saanich,179,4h20m,,TRUE
5915062,Bowen Island,5903011,Salmo,684,8h10m,,TRUE
5915062,Bowen Island,5939032,Salmon Arm,490,5h20m,,TRUE
5915062,Bowen Island,5924039,Sayward,292,5h30m,,TRUE
5915062,Bowen Island,5929011,Sechelt,57,1h40m,,TRUE
5915062,Bowen Island,5939045,Sicamous,521,5h50m,,TRUE
5915062,Bowen Island,5917010,Sidney,198,4h30m,,TRUE
5915062,Bowen Island,5903027,Silverton,714,8h30m,,TRUE
5915062,Bowen Island,5903019,Slocan,714,8h40m,,TRUE
5915062,Bowen Island,5951043,Smithers,1365,15h30m,,TRUE
5915062,Bowen Island,5917052,Sooke,184,4h30m,,TRUE
5915062,Bowen Island,5937024,Spallumcheen,492,5h30m,,TRUE
5915062,Bowen Island,5931006,Squamish,58,1h10m,,TRUE
5915062,Bowen Island,5949032,Stewart,1686,19h40m,,TRUE
5915062,Bowen Island,5907035,Summerland,429,4h50m,,TRUE
5915062,Bowen Island,5933045,Sun Peaks Mountain,440,5h,,TRUE
5915062,Bowen Island,5915004,Surrey,68,1h20m,,TRUE
5915062,Bowen Island,5924030,Tahsis,370,7h40m,,TRUE
5915062,Bowen Island,5955030,Taylor,1406,15h30m,,TRUE
5915062,Bowen Island,5951038,Telkwa,1352,15h30m,,TRUE
5915062,Bowen Island,5949011,Terrace,1571,18h,,TRUE
5915062,Bowen Island,5923025,Tofino,266,5h30m,,TRUE
5915062,Bowen Island,5905014,Trail,658,8h,,TRUE
5915062,Bowen Island,5955003,Tumbler Ridge,1387,15h50m,,TRUE
5915062,Bowen Island,5923019,Ucluelet,244,5h10m,,TRUE
5915062,Bowen Island,5953007,Valemount,703,7h50m,,TRUE
5915062,Bowen Island,5915022,Vancouver,33,50m,,TRUE
5915062,Bowen Island,5951007,Vanderhoof,1093,12h20m,,TRUE
5915062,Bowen Island,5937014,Vernon,475,5h20m,,TRUE
5915062,Bowen Island,5917034,Victoria,179,4h20m,,TRUE
5915062,Bowen Island,5917047,View Royal,169,4h10m,,TRUE
5915062,Bowen Island,5905018,Warfield,654,7h50m,,TRUE
5915062,Bowen Island,5941025,Wells,713,10h,,TRUE
5915062,Bowen Island,5935029,West Kelowna,409,4h30m,,TRUE
5915062,Bowen Island,5915055,West Vancouver,28,50m,,TRUE
5915062,Bowen Island,5931020,Whistler,107,1h40m,,TRUE
5915062,Bowen Island,5915007,White Rock,78,1h20m,,TRUE
5915062,Bowen Island,5941009,Williams Lake,508,6h40m,,TRUE
5915062,Bowen Island,5924029,Zeballos,409,7h40m,,TRUE
5915025,Burnaby,5951022,Burns Lake,1181,13h10m,,FALSE
5915025,Burnaby,5933024,Cache Creek,331,3h40m,,FALSE
5915025,Burnaby,5924034,Campbell River,241,4h40m,,TRUE
5915025,Burnaby,5901043,Canal Flats,867,9h40m,,FALSE
5915025,Burnaby,5903045,Castlegar,605,7h,,FALSE
5915025,Burnaby,5917015,Central Saanich,215,4h40m,,TRUE
5915025,Burnaby,5933054,Chase,397,4h,,FALSE
5915025,Burnaby,5955010,Chetwynd,1261,14h,,FALSE
5915025,Burnaby,5909020,Chilliwack,91,1h,,FALSE
5915025,Burnaby,5933067,Clearwater,466,4h50m,,FALSE
5915025,Burnaby,5933028,Clinton,372,4h10m,,FALSE
5915025,Burnaby,5937010,Coldstream,438,4h30m,,FALSE
5915025,Burnaby,5917041,Colwood,198,4h30m,,TRUE
5915025,Burnaby,5926005,Comox,205,4h20m,,TRUE
5915025,Burnaby,5915034,Coquitlam,22,20m,,FALSE
5915025,Burnaby,5926010,Courtenay,200,4h20m,,TRUE
5915025,Burnaby,5901022,Cranbrook,833,9h30m,,FALSE
5915025,Burnaby,5903004,Creston,724,8h10m,,FALSE
5915025,Burnaby,5926014,Cumberland,194,4h10m,,TRUE
5915025,Burnaby,5955014,Dawson Creek,1306,14h10m,,FALSE
5915025,Burnaby,5915011,Delta,36,30m,,FALSE
5915025,Burnaby,5919012,Duncan,144,3h40m,,TRUE
5915025,Burnaby,5901003,Elkford,992,11h50m,,FALSE
5915025,Burnaby,5937033,Enderby,466,4h50m,,FALSE
5915025,Burnaby,5917040,Esquimalt,201,4h30m,,TRUE
5915025,Burnaby,5901012,Fernie,927,10h30m,,FALSE
5915025,Burnaby,5951013,Fort St. James,1117,12h20m,,FALSE
5915025,Burnaby,5955034,Fort St. John,1412,16h,,FALSE
5915025,Burnaby,5951009,Fraser Lake,1109,12h20m,,FALSE
5915025,Burnaby,5905005,Fruitvale,631,7h20m,,FALSE
5915025,Burnaby,5929005,Gibsons,58,1h30m,,TRUE
5915025,Burnaby,5924025,Gold River,335,5h50m,,TRUE
5915025,Burnaby,5939007,Golden,699,7h30m,,FALSE
5915025,Burnaby,5905032,Grand Forks,510,5h50m,,FALSE
5915025,Burnaby,5905042,Greenwood,469,5h20m,,FALSE
5915025,Burnaby,5909027,Harrison Hot Springs,118,1h20m,,FALSE
5915025,Burnaby,5949022,Hazelton,1396,15h40m,,FALSE
5915025,Burnaby,5917049,Highlands,200,4h30m,,TRUE
5915025,Burnaby,5909009,Hope,139,1h30m,,FALSE
5915025,Burnaby,5951034,Houston,1261,14h,,FALSE
5915025,Burnaby,5955025,Hudson's Hope,1335,15h,,FALSE
5915025,Burnaby,5901039,Invermere,820,9h,,FALSE
5915025,Burnaby,5933042,Kamloops,343,3h30m,,FALSE
5915025,Burnaby,5903023,Kaslo,714,8h20m,,TRUE
5915025,Burnaby,5935010,Kelowna,381,3h50m,,FALSE
5915025,Burnaby,5909032,Kent,115,1h20m,,FALSE
5915025,Burnaby,5907009,Keremeos,337,3h50m,,FALSE
5915025,Burnaby,5901028,Kimberley,859,9h40m,,FALSE
5915025,Burnaby,5949005,Kitimat,1593,18h,,FALSE
5915025,Burnaby,5919021,Ladysmith,119,3h20m,,TRUE
5915025,Burnaby,5935016,Lake Country,405,4h10m,,FALSE
5915025,Burnaby,5919016,Lake Cowichan,167,4h,,TRUE
5915025,Burnaby,5917044,Langford,189,4h10m,,TRUE
5915025,Burnaby,5915002,Langley,33,30m,,FALSE
5915025,Burnaby,5915001,Langley,48,40m,,FALSE
5915025,Burnaby,5921008,Lantzville,104,3h10m,,TRUE
5915025,Burnaby,5931026,Lillooet,271,3h30m,,FALSE
5915025,Burnaby,5915065,Lions Bay,43,30m,,FALSE
5915025,Burnaby,5933035,Logan Lake,321,3h30m,,FALSE
5915025,Burnaby,5937005,Lumby,454,4h40m,,FALSE
5915025,Burnaby,5933015,Lytton,247,2h40m,,FALSE
5915025,Burnaby,5953033,Mackenzie,1134,12h40m,,FALSE
5915025,Burnaby,5915075,Maple Ridge,38,40m,,FALSE
5915025,Burnaby,5947023,Masset,1970,1D4h10m,,TRUE
5915025,Burnaby,5953012,McBride,743,8h,,FALSE
5915025,Burnaby,5933006,Merritt,257,2h30m,,FALSE
5915025,Burnaby,5917042,Metchosin,206,4h40m,,TRUE
5915025,Burnaby,5905037,Midway,453,5h10m,,FALSE
5915025,Burnaby,5909056,Mission,55,50m,,FALSE
5915025,Burnaby,5905009,Montrose,626,7h20m,,FALSE
5915025,Burnaby,5903050,Nakusp,623,7h,,TRUE
5915025,Burnaby,5921007,Nanaimo,93,3h,,TRUE
5915025,Burnaby,5903015,Nelson,647,7h30m,,FALSE
5915025,Burnaby,5903032,New Denver,668,7h40m,,TRUE
5915025,Burnaby,5949024,New Hazelton,1390,15h30m,,FALSE
5915025,Burnaby,5915029,New Westminster,6,10m,,FALSE
5915025,Burnaby,5949035,Nisga'a,1645,19h,,FALSE
5915025,Burnaby,5919008,North Cowichan,136,3h40m,,TRUE
5915025,Burnaby,5917005,North Saanich,225,4h50m,,TRUE
5915025,Burnaby,5915051,North Vancouver,17,10m,,FALSE
5915025,Burnaby,5915046,North Vancouver,25,1h20m,,FALSE
5915025,Burnaby,5917030,Oak Bay,209,4h40m,,TRUE
5915025,Burnaby,5907014,Oliver,396,4h30m,,FALSE
5915025,Burnaby,5941005,One Hundred Mile House,443,5h,,FALSE
5915025,Burnaby,5907005,Osoyoos,386,4h20m,,FALSE
5915025,Burnaby,5921018,Parksville,123,3h30m,,TRUE
5915025,Burnaby,5935018,Peachland,365,3h40m,,FALSE
5915025,Burnaby,5931012,Pemberton,163,2h,,FALSE
5915025,Burnaby,5907041,Penticton,405,4h10m,,FALSE
5915025,Burnaby,5915070,Pitt Meadows,28,40m,,FALSE
5915025,Burnaby,5923008,Port Alberni,171,4h,,TRUE
5915025,Burnaby,5943017,Port Alice,486,7h40m,,TRUE
5915025,Burnaby,5947030,Port Clements,1928,1D3h40m,,TRUE
5915025,Burnaby,5915039,Port Coquitlam,19,20m,,FALSE
5915025,Burnaby,5947007,Port Edward,1646,18h30m,,FALSE
5915025,Burnaby,5943023,Port Hardy,470,7h30m,,TRUE
5915025,Burnaby,5943012,Port McNeill,438,7h10m,,TRUE
5915025,Burnaby,5915043,Port Moody,19,20m,,FALSE
5915025,Burnaby,5955005,Pouce Coupe,1296,14h,,FALSE
5915025,Burnaby,5927008,Powell River,187,4h,,TRUE
5915025,Burnaby,5953023,Prince George,954,10h30m,,FALSE
5915025,Burnaby,5947012,Prince Rupert,1678,19h,,FALSE
5915025,Burnaby,5907024,Princeton,272,3h,,FALSE
5915025,Burnaby,5921023,Qualicum Beach,136,3h40m,,TRUE
5915025,Burnaby,5947026,Queen Charlotte,1872,1D3h,,TRUE
5915025,Burnaby,5941013,Quesnel,651,7h30m,,FALSE
5915025,Burnaby,5901040,Radium Hot Springs,802,8h50m,,FALSE
5915025,Burnaby,5939019,Revelstoke,552,5h50m,,FALSE
5915025,Burnaby,5915015,Richmond,28,30m,,FALSE
5915025,Burnaby,5905023,Rossland,602,7h,,FALSE
5915025,Burnaby,5917021,Saanich,204,4h30m,,TRUE
5915025,Burnaby,5903011,Salmo,642,7h20m,,FALSE
5915025,Burnaby,5939032,Salmon Arm,448,4h30m,,FALSE
5915025,Burnaby,5924039,Sayward,317,5h40m,,TRUE
5915025,Burnaby,5929011,Sechelt,82,1h50m,,TRUE
5915025,Burnaby,5939045,Sicamous,479,5h,,FALSE
5915025,Burnaby,5917010,Sidney,224,4h40m,,TRUE
5915025,Burnaby,5903027,Silverton,672,7h40m,,TRUE
5915025,Burnaby,5903019,Slocan,672,7h50m,,FALSE
5915025,Burnaby,5951043,Smithers,1323,14h50m,,FALSE
5915025,Burnaby,5917052,Sooke,209,4h40m,,TRUE
5915025,Burnaby,5937024,Spallumcheen,451,4h40m,,FALSE
5915025,Burnaby,5931006,Squamish,80,1h,,FALSE
5915025,Burnaby,5949032,Stewart,1645,18h50m,,FALSE
5915025,Burnaby,5907035,Summerland,388,4h,,FALSE
5915025,Burnaby,5933045,Sun Peaks Mountain,398,4h10m,,FALSE
5915025,Burnaby,5915004,Surrey,27,30m,,FALSE
5915025,Burnaby,5924030,Tahsis,395,7h50m,,TRUE
5915025,Burnaby,5955030,Taylor,1364,14h40m,,FALSE
5915025,Burnaby,5951038,Telkwa,1311,14h40m,,FALSE
5915025,Burnaby,5949011,Terrace,1530,17h10m,,FALSE
5915025,Burnaby,5923025,Tofino,292,5h40m,,TRUE
5915025,Burnaby,5905014,Trail,617,7h10m,,FALSE
5915025,Burnaby,5955003,Tumbler Ridge,1346,15h,,FALSE
5915025,Burnaby,5923019,Ucluelet,269,5h20m,,TRUE
5915025,Burnaby,5953007,Valemount,662,7h10m,,FALSE
5915025,Burnaby,5915022,Vancouver,12,20m,,FALSE
5915025,Burnaby,5951007,Vanderhoof,1052,11h30m,,FALSE
5915025,Burnaby,5937014,Vernon,434,4h30m,,FALSE
5915025,Burnaby,5917034,Victoria,205,4h30m,,TRUE
5915025,Burnaby,5917047,View Royal,195,4h20m,,TRUE
5915025,Burnaby,5905018,Warfield,613,7h,,FALSE
5915025,Burnaby,5941025,Wells,740,9h30m,,FALSE
5915025,Burnaby,5935029,West Kelowna,367,3h40m,,FALSE
5915025,Burnaby,5915055,West Vancouver,35,30m,,FALSE
5915025,Burnaby,5931020,Whistler,130,1h30m,,FALSE
5915025,Burnaby,5915007,White Rock,37,30m,,FALSE
5915025,Burnaby,5941009,Williams Lake,535,6h,,FALSE
5915025,Burnaby,5924029,Zeballos,434,7h50m,,TRUE
5951022,Burns Lake,5933024,Cache Creek,668,7h50m,,FALSE
5951022,Burns Lake,5924034,Campbell River,1197,16h10m,,TRUE
5951022,Burns Lake,5901043,Canal Flats,1025,12h20m,,FALSE
5951022,Burns Lake,5903045,Castlegar,1242,14h20m,,FALSE
5951022,Burns Lake,5917015,Central Saanich,1171,16h10m,,TRUE
5951022,Burns Lake,5933054,Chase,806,9h20m,,FALSE
5951022,Burns Lake,5955010,Chetwynd,532,6h10m,,FALSE
5951022,Burns Lake,5909020,Chilliwack,910,10h40m,,FALSE
5951022,Burns Lake,5933067,Clearwater,715,8h20m,,FALSE
5951022,Burns Lake,5933028,Clinton,627,7h20m,,FALSE
5951022,Burns Lake,5937010,Coldstream,875,10h20m,,FALSE
5951022,Burns Lake,5917041,Colwood,1154,16h,,TRUE
5951022,Burns Lake,5926005,Comox,1161,15h50m,,TRUE
5951022,Burns Lake,5915034,Coquitlam,994,11h30m,,FALSE
5951022,Burns Lake,5926010,Courtenay,1156,15h50m,,TRUE
5951022,Burns Lake,5901022,Cranbrook,1106,13h20m,,FALSE
5951022,Burns Lake,5903004,Creston,1212,14h30m,,FALSE
5951022,Burns Lake,5926014,Cumberland,1150,15h40m,,TRUE
5951022,Burns Lake,5955014,Dawson Creek,632,7h20m,,FALSE
5951022,Burns Lake,5915011,Delta,1016,11h50m,,FALSE
5951022,Burns Lake,5919012,Duncan,1100,15h10m,,TRUE
5951022,Burns Lake,5901003,Elkford,1249,15h30m,,FALSE
5951022,Burns Lake,5937033,Enderby,883,10h20m,,FALSE
5951022,Burns Lake,5917040,Esquimalt,1157,16h,,TRUE
5951022,Burns Lake,5901012,Fernie,1183,14h10m,,FALSE
5951022,Burns Lake,5951013,Fort St. James,181,2h10m,,FALSE
5951022,Burns Lake,5955034,Fort St. John,683,8h10m,,FALSE
5951022,Burns Lake,5951009,Fraser Lake,72,50m,,FALSE
5951022,Burns Lake,5905005,Fruitvale,1268,14h40m,,FALSE
5951022,Burns Lake,5929005,Gibsons,1005,13h,,TRUE
5951022,Burns Lake,5924025,Gold River,1291,17h20m,,TRUE
5951022,Burns Lake,5939007,Golden,909,10h50m,,FALSE
5951022,Burns Lake,5905032,Grand Forks,1147,13h10m,,FALSE
5951022,Burns Lake,5905042,Greenwood,1100,12h40m,,FALSE
5951022,Burns Lake,5909027,Harrison Hot Springs,895,10h30m,,FALSE
5951022,Burns Lake,5949022,Hazelton,218,2h40m,,FALSE
5951022,Burns Lake,5917049,Highlands,1156,16h,,TRUE
5951022,Burns Lake,5909009,Hope,859,10h,,FALSE
5951022,Burns Lake,5951034,Houston,83,1h,,FALSE
5951022,Burns Lake,5955025,Hudson's Hope,606,7h20m,,FALSE
5951022,Burns Lake,5901039,Invermere,979,11h40m,,FALSE
5951022,Burns Lake,5933042,Kamloops,753,8h50m,,FALSE
5951022,Burns Lake,5903023,Kaslo,1153,14h,,TRUE
5951022,Burns Lake,5935010,Kelowna,943,10h40m,,FALSE
5951022,Burns Lake,5909032,Kent,892,10h30m,,FALSE
5951022,Burns Lake,5907009,Keremeos,968,11h10m,,FALSE
5951022,Burns Lake,5901028,Kimberley,1094,13h10m,,FALSE
5951022,Burns Lake,5949005,Kitimat,415,5h,,FALSE
5951022,Burns Lake,5919021,Ladysmith,1066,14h50m,,TRUE
5951022,Burns Lake,5935016,Lake Country,897,10h40m,,FALSE
5951022,Burns Lake,5919016,Lake Cowichan,1123,15h30m,,TRUE
5951022,Burns Lake,5917044,Langford,1145,15h40m,,TRUE
5951022,Burns Lake,5915001,Langley,966,11h10m,,FALSE
5951022,Burns Lake,5915002,Langley,975,11h20m,,FALSE
5951022,Burns Lake,5921008,Lantzville,1060,14h40m,,TRUE
5951022,Burns Lake,5931026,Lillooet,739,8h50m,,FALSE
5951022,Burns Lake,5915065,Lions Bay,954,11h30m,,FALSE
5951022,Burns Lake,5933035,Logan Lake,718,8h30m,,FALSE
5951022,Burns Lake,5937005,Lumby,891,10h30m,,FALSE
5951022,Burns Lake,5933015,Lytton,752,8h50m,,FALSE
5951022,Burns Lake,5953033,Mackenzie,410,5h,,FALSE
5951022,Burns Lake,5915075,Maple Ridge,981,11h30m,,FALSE
5951022,Burns Lake,5947023,Masset,792,15h,,TRUE
5951022,Burns Lake,5953012,McBride,437,5h10m,,FALSE
5951022,Burns Lake,5933006,Merritt,815,9h20m,,FALSE
5951022,Burns Lake,5917042,Metchosin,1162,16h10m,,TRUE
5951022,Burns Lake,5905037,Midway,1084,12h30m,,FALSE
5951022,Burns Lake,5909056,Mission,965,11h20m,,FALSE
5951022,Burns Lake,5905009,Montrose,1263,14h40m,,FALSE
5951022,Burns Lake,5903050,Nakusp,1060,12h40m,,TRUE
5951022,Burns Lake,5921007,Nanaimo,1040,14h30m,,TRUE
5951022,Burns Lake,5903015,Nelson,1284,14h50m,,FALSE
5951022,Burns Lake,5903032,New Denver,1107,13h20m,,TRUE
5951022,Burns Lake,5949024,New Hazelton,212,2h30m,,FALSE
5951022,Burns Lake,5915029,New Westminster,996,11h30m,,FALSE
5951022,Burns Lake,5949035,Nisga'a,467,6h,,FALSE
5951022,Burns Lake,5919008,North Cowichan,1092,15h10m,,TRUE
5951022,Burns Lake,5917005,North Saanich,1121,15h30m,,TRUE
5951022,Burns Lake,5915051,North Vancouver,981,11h50m,,FALSE
5951022,Burns Lake,5915046,North Vancouver,1024,12h50m,,FALSE
5951022,Burns Lake,5917030,Oak Bay,1165,16h10m,,TRUE
5951022,Burns Lake,5907014,Oliver,1004,11h30m,,FALSE
5951022,Burns Lake,5941005,One Hundred Mile House,555,6h30m,,FALSE
5951022,Burns Lake,5907005,Osoyoos,1016,11h40m,,FALSE
5951022,Burns Lake,5921018,Parksville,1079,15h,,TRUE
5951022,Burns Lake,5935018,Peachland,927,10h30m,,FALSE
5951022,Burns Lake,5931012,Pemberton,833,10h,,FALSE
5951022,Burns Lake,5907041,Penticton,967,11h,,FALSE
5951022,Burns Lake,5915070,Pitt Meadows,989,11h40m,,FALSE
5951022,Burns Lake,5923008,Port Alberni,1127,15h30m,,TRUE
5951022,Burns Lake,5943017,Port Alice,1440,19h10m,,TRUE
5951022,Burns Lake,5947030,Port Clements,750,14h40m,,TRUE
5951022,Burns Lake,5915039,Port Coquitlam,987,11h30m,,FALSE
5951022,Burns Lake,5947007,Port Edward,467,5h30m,,FALSE
5951022,Burns Lake,5943023,Port Hardy,1424,19h,,TRUE
5951022,Burns Lake,5943012,Port McNeill,1392,18h40m,,TRUE
5951022,Burns Lake,5915043,Port Moody,997,11h40m,,FALSE
5951022,Burns Lake,5955005,Pouce Coupe,642,7h30m,,FALSE
5951022,Burns Lake,5927008,Powell River,1143,15h30m,,TRUE
5951022,Burns Lake,5953023,Prince George,230,2h40m,,FALSE
5951022,Burns Lake,5947012,Prince Rupert,500,6h,,FALSE
5951022,Burns Lake,5907024,Princeton,901,10h20m,,FALSE
5951022,Burns Lake,5921023,Qualicum Beach,1092,15h10m,,TRUE
5951022,Burns Lake,5947026,Queen Charlotte,694,14h,,TRUE
5951022,Burns Lake,5941013,Quesnel,348,4h10m,,FALSE
5951022,Burns Lake,5901040,Radium Hot Springs,963,11h30m,,FALSE
5951022,Burns Lake,5939019,Revelstoke,962,11h10m,,FALSE
5951022,Burns Lake,5915015,Richmond,1025,11h50m,,FALSE
5951022,Burns Lake,5905023,Rossland,1239,14h20m,,FALSE
5951022,Burns Lake,5917021,Saanich,1160,16h,,TRUE
5951022,Burns Lake,5903011,Salmo,1279,14h40m,,FALSE
5951022,Burns Lake,5939032,Salmon Arm,858,10h,,FALSE
5951022,Burns Lake,5924039,Sayward,1273,17h10m,,TRUE
5951022,Burns Lake,5929011,Sechelt,1029,13h20m,,TRUE
5951022,Burns Lake,5939045,Sicamous,889,10h20m,,FALSE
5951022,Burns Lake,5917010,Sidney,1117,15h20m,,TRUE
5951022,Burns Lake,5903027,Silverton,1111,13h20m,,TRUE
5951022,Burns Lake,5903019,Slocan,1139,13h50m,,TRUE
5951022,Burns Lake,5951043,Smithers,145,1h40m,,FALSE
5951022,Burns Lake,5917052,Sooke,1165,16h10m,,TRUE
5951022,Burns Lake,5937024,Spallumcheen,869,10h20m,,FALSE
5951022,Burns Lake,5931006,Squamish,917,11h,,FALSE
5951022,Burns Lake,5949032,Stewart,467,5h50m,,FALSE
5951022,Burns Lake,5907035,Summerland,950,10h50m,,FALSE
5951022,Burns Lake,5933045,Sun Peaks Mountain,763,9h10m,,FALSE
5951022,Burns Lake,5915004,Surrey,984,11h30m,,FALSE
5951022,Burns Lake,5924030,Tahsis,1341,19h10m,,TRUE
5951022,Burns Lake,5955030,Taylor,684,8h,,FALSE
5951022,Burns Lake,5951038,Telkwa,133,1h40m,,FALSE
5951022,Burns Lake,5949011,Terrace,352,4h10m,,FALSE
5951022,Burns Lake,5923025,Tofino,1248,17h10m,,TRUE
5951022,Burns Lake,5905014,Trail,1254,14h30m,,FALSE
5951022,Burns Lake,5955003,Tumbler Ridge,621,7h20m,,FALSE
5951022,Burns Lake,5923019,Ucluelet,1225,16h50m,,TRUE
5951022,Burns Lake,5953007,Valemount,522,6h10m,,FALSE
5951022,Burns Lake,5915022,Vancouver,1012,11h50m,,FALSE
5951022,Burns Lake,5951007,Vanderhoof,130,1h30m,,FALSE
5951022,Burns Lake,5937014,Vernon,874,10h20m,,FALSE
5951022,Burns Lake,5917034,Victoria,1161,16h,,TRUE
5951022,Burns Lake,5917047,View Royal,1151,15h50m,,TRUE
5951022,Burns Lake,5905018,Warfield,1250,14h30m,,FALSE
5951022,Burns Lake,5941025,Wells,412,5h50m,,FALSE
5951022,Burns Lake,5935029,West Kelowna,929,10h30m,,FALSE
5951022,Burns Lake,5915055,West Vancouver,983,11h50m,,FALSE
5951022,Burns Lake,5931020,Whistler,867,10h30m,,FALSE
5951022,Burns Lake,5915007,White Rock,985,11h30m,,FALSE
5951022,Burns Lake,5941009,Williams Lake,467,5h30m,,FALSE
5951022,Burns Lake,5924029,Zeballos,1390,19h20m,,TRUE
5933024,Cache Creek,5924034,Campbell River,571,8h20m,,TRUE
5933024,Cache Creek,5901043,Canal Flats,611,7h20m,,FALSE
5933024,Cache Creek,5903045,Castlegar,570,6h30m,,FALSE
5933024,Cache Creek,5917015,Central Saanich,546,8h20m,,TRUE
5933024,Cache Creek,5933054,Chase,140,1h40m,,FALSE
5933024,Cache Creek,5955010,Chetwynd,1001,11h40m,,FALSE
5933024,Cache Creek,5909020,Chilliwack,242,2h50m,,FALSE
5933024,Cache Creek,5933067,Clearwater,210,2h30m,,FALSE
5933024,Cache Creek,5933028,Clinton,42,30m,,FALSE
5933024,Cache Creek,5937010,Coldstream,209,2h30m,,FALSE
5933024,Cache Creek,5917041,Colwood,528,8h10m,,TRUE
5933024,Cache Creek,5926005,Comox,535,8h10m,,TRUE
5933024,Cache Creek,5915034,Coquitlam,327,3h50m,,FALSE
5933024,Cache Creek,5926010,Courtenay,530,8h,,TRUE
5933024,Cache Creek,5901022,Cranbrook,692,8h20m,,FALSE
5933024,Cache Creek,5903004,Creston,688,7h50m,,FALSE
5933024,Cache Creek,5926014,Cumberland,524,7h50m,,TRUE
5933024,Cache Creek,5955014,Dawson Creek,1050,11h40m,,FALSE
5933024,Cache Creek,5915011,Delta,349,4h,,FALSE
5933024,Cache Creek,5919012,Duncan,475,7h20m,,TRUE
5933024,Cache Creek,5901003,Elkford,834,10h30m,,FALSE
5933024,Cache Creek,5937033,Enderby,217,2h30m,,FALSE
5933024,Cache Creek,5917040,Esquimalt,532,8h10m,,TRUE
5933024,Cache Creek,5901012,Fernie,768,9h10m,,FALSE
5933024,Cache Creek,5951013,Fort St. James,860,10h,,FALSE
5933024,Cache Creek,5955034,Fort St. John,1126,12h40m,,FALSE
5933024,Cache Creek,5951009,Fraser Lake,853,9h50m,,FALSE
5933024,Cache Creek,5905005,Fruitvale,596,7h,,FALSE
5933024,Cache Creek,5929005,Gibsons,388,5h10m,,TRUE
5933024,Cache Creek,5924025,Gold River,665,9h30m,,TRUE
5933024,Cache Creek,5939007,Golden,443,5h10m,,FALSE
5933024,Cache Creek,5905032,Grand Forks,474,5h20m,,FALSE
5933024,Cache Creek,5905042,Greenwood,434,5h,,FALSE
5933024,Cache Creek,5909027,Harrison Hot Springs,228,2h40m,,FALSE
5933024,Cache Creek,5949022,Hazelton,1139,13h20m,,FALSE
5933024,Cache Creek,5917049,Highlands,530,8h10m,,TRUE
5933024,Cache Creek,5909009,Hope,192,2h10m,,FALSE
5933024,Cache Creek,5951034,Houston,1004,11h40m,,FALSE
5933024,Cache Creek,5955025,Hudson's Hope,1075,12h40m,,FALSE
5933024,Cache Creek,5901039,Invermere,564,6h40m,,FALSE
5933024,Cache Creek,5933042,Kamloops,87,1h,,FALSE
5933024,Cache Creek,5903023,Kaslo,487,6h10m,,TRUE
5933024,Cache Creek,5935010,Kelowna,277,2h50m,,FALSE
5933024,Cache Creek,5909032,Kent,224,2h40m,,FALSE
5933024,Cache Creek,5907009,Keremeos,302,3h20m,,FALSE
5933024,Cache Creek,5901028,Kimberley,679,8h10m,,FALSE
5933024,Cache Creek,5949005,Kitimat,1337,15h40m,,FALSE
5933024,Cache Creek,5919021,Ladysmith,449,7h,,TRUE
5933024,Cache Creek,5935016,Lake Country,231,2h50m,,FALSE
5933024,Cache Creek,5919016,Lake Cowichan,498,7h40m,,TRUE
5933024,Cache Creek,5917044,Langford,519,7h50m,,TRUE
5933024,Cache Creek,5915001,Langley,298,3h20m,,FALSE
5933024,Cache Creek,5915002,Langley,307,3h30m,,FALSE
5933024,Cache Creek,5921008,Lantzville,434,7h,,TRUE
5933024,Cache Creek,5931026,Lillooet,95,1h20m,,FALSE
5933024,Cache Creek,5915065,Lions Bay,309,4h,,FALSE
5933024,Cache Creek,5933035,Logan Lake,51,40m,,FALSE
5933024,Cache Creek,5937005,Lumby,225,2h50m,,FALSE
5933024,Cache Creek,5933015,Lytton,85,1h,,FALSE
5933024,Cache Creek,5953033,Mackenzie,878,10h20m,,FALSE
5933024,Cache Creek,5915075,Maple Ridge,313,3h40m,,FALSE
5933024,Cache Creek,5947023,Masset,1714,1D1h40m,,TRUE
5933024,Cache Creek,5953012,McBride,487,5h40m,,FALSE
5933024,Cache Creek,5933006,Merritt,149,1h40m,,FALSE
5933024,Cache Creek,5917042,Metchosin,536,8h20m,,TRUE
5933024,Cache Creek,5905037,Midway,418,4h40m,,FALSE
5933024,Cache Creek,5909056,Mission,298,3h30m,,FALSE
5933024,Cache Creek,5905009,Montrose,591,6h50m,,FALSE
5933024,Cache Creek,5903050,Nakusp,394,5h,,TRUE
5933024,Cache Creek,5921007,Nanaimo,423,6h40m,,TRUE
5933024,Cache Creek,5903015,Nelson,612,7h,,FALSE
5933024,Cache Creek,5903032,New Denver,441,5h30m,,TRUE
5933024,Cache Creek,5949024,New Hazelton,1134,13h10m,,FALSE
5933024,Cache Creek,5915029,New Westminster,329,3h40m,,FALSE
5933024,Cache Creek,5949035,Nisga'a,1388,16h40m,,FALSE
5933024,Cache Creek,5919008,North Cowichan,466,7h20m,,TRUE
5933024,Cache Creek,5917005,North Saanich,451,7h40m,,TRUE
5933024,Cache Creek,5915051,North Vancouver,347,3h50m,,FALSE
5933024,Cache Creek,5915046,North Vancouver,355,5h,,FALSE
5933024,Cache Creek,5917030,Oak Bay,539,8h20m,,TRUE
5933024,Cache Creek,5907014,Oliver,338,3h40m,,FALSE
5933024,Cache Creek,5941005,One Hundred Mile House,113,1h20m,,FALSE
5933024,Cache Creek,5907005,Osoyoos,351,4h,,FALSE
5933024,Cache Creek,5921018,Parksville,453,7h10m,,TRUE
5933024,Cache Creek,5935018,Peachland,261,2h40m,,FALSE
5933024,Cache Creek,5931012,Pemberton,187,2h30m,,FALSE
5933024,Cache Creek,5907041,Penticton,301,3h10m,,FALSE
5933024,Cache Creek,5915070,Pitt Meadows,319,3h50m,,FALSE
5933024,Cache Creek,5923008,Port Alberni,502,7h40m,,TRUE
5933024,Cache Creek,5943017,Port Alice,816,11h20m,,TRUE
5933024,Cache Creek,5947030,Port Clements,1671,1D1h20m,,TRUE
5933024,Cache Creek,5915039,Port Coquitlam,320,3h40m,,FALSE
5933024,Cache Creek,5947007,Port Edward,1389,16h10m,,FALSE
5933024,Cache Creek,5943023,Port Hardy,800,11h10m,,TRUE
5933024,Cache Creek,5943012,Port McNeill,768,10h50m,,TRUE
5933024,Cache Creek,5915043,Port Moody,330,3h50m,,FALSE
5933024,Cache Creek,5955005,Pouce Coupe,1040,11h40m,,FALSE
5933024,Cache Creek,5927008,Powell River,517,7h40m,,TRUE
5933024,Cache Creek,5953023,Prince George,697,8h10m,,FALSE
5933024,Cache Creek,5947012,Prince Rupert,1422,16h40m,,FALSE
5933024,Cache Creek,5907024,Princeton,235,2h40m,,FALSE
5933024,Cache Creek,5921023,Qualicum Beach,466,7h20m,,TRUE
5933024,Cache Creek,5947026,Queen Charlotte,1616,1D40m,,TRUE
5933024,Cache Creek,5941013,Quesnel,321,3h50m,,FALSE
5933024,Cache Creek,5901040,Radium Hot Springs,546,6h30m,,FALSE
5933024,Cache Creek,5939019,Revelstoke,296,3h30m,,FALSE
5933024,Cache Creek,5915015,Richmond,357,4h,,FALSE
5933024,Cache Creek,5905023,Rossland,567,6h30m,,FALSE
5933024,Cache Creek,5917021,Saanich,534,8h10m,,TRUE
5933024,Cache Creek,5903011,Salmo,607,7h,,FALSE
5933024,Cache Creek,5939032,Salmon Arm,192,2h10m,,FALSE
5933024,Cache Creek,5924039,Sayward,648,9h20m,,TRUE
5933024,Cache Creek,5929011,Sechelt,413,5h30m,,TRUE
5933024,Cache Creek,5939045,Sicamous,223,2h40m,,FALSE
5933024,Cache Creek,5917010,Sidney,448,7h30m,,TRUE
5933024,Cache Creek,5903027,Silverton,445,5h40m,,TRUE
5933024,Cache Creek,5903019,Slocan,473,6h,,TRUE
5933024,Cache Creek,5951043,Smithers,1067,12h20m,,FALSE
5933024,Cache Creek,5917052,Sooke,540,8h20m,,TRUE
5933024,Cache Creek,5937024,Spallumcheen,203,2h30m,,FALSE
5933024,Cache Creek,5931006,Squamish,271,3h30m,,FALSE
5933024,Cache Creek,5949032,Stewart,1389,16h30m,,FALSE
5933024,Cache Creek,5907035,Summerland,284,3h,,FALSE
5933024,Cache Creek,5933045,Sun Peaks Mountain,142,1h50m,,FALSE
5933024,Cache Creek,5915004,Surrey,317,3h40m,,FALSE
5933024,Cache Creek,5924030,Tahsis,726,11h30m,,TRUE
5933024,Cache Creek,5955030,Taylor,1108,12h20m,,FALSE
5933024,Cache Creek,5951038,Telkwa,1055,12h20m,,FALSE
5933024,Cache Creek,5949011,Terrace,1273,14h50m,,FALSE
5933024,Cache Creek,5923025,Tofino,622,9h20m,,TRUE
5933024,Cache Creek,5905014,Trail,581,6h50m,,FALSE
5933024,Cache Creek,5955003,Tumbler Ridge,1090,12h40m,,FALSE
5933024,Cache Creek,5923019,Ucluelet,600,9h,,TRUE
5933024,Cache Creek,5953007,Valemount,405,4h40m,,FALSE
5933024,Cache Creek,5915022,Vancouver,342,4h,,FALSE
5933024,Cache Creek,5951007,Vanderhoof,795,9h10m,,FALSE
5933024,Cache Creek,5937014,Vernon,208,2h40m,,FALSE
5933024,Cache Creek,5917034,Victoria,535,8h10m,,TRUE
5933024,Cache Creek,5917047,View Royal,525,8h,,TRUE
5933024,Cache Creek,5905018,Warfield,577,6h40m,,FALSE
5933024,Cache Creek,5941025,Wells,410,5h50m,,FALSE
5933024,Cache Creek,5935029,West Kelowna,263,2h40m,,FALSE
5933024,Cache Creek,5915055,West Vancouver,366,4h10m,,FALSE
5933024,Cache Creek,5931020,Whistler,222,3h,,FALSE
5933024,Cache Creek,5915007,White Rock,317,3h40m,,FALSE
5933024,Cache Creek,5941009,Williams Lake,205,2h20m,,FALSE
5933024,Cache Creek,5924029,Zeballos,764,11h30m,,TRUE
5924034,Campbell River,5901043,Canal Flats,1107,14h10m,,TRUE
5924034,Campbell River,5903045,Castlegar,846,11h30m,,TRUE
5924034,Campbell River,5917015,Central Saanich,275,3h10m,,FALSE
5924034,Campbell River,5933054,Chase,637,8h30m,,TRUE
5924034,Campbell River,5955010,Chetwynd,1497,18h30m,,TRUE
5924034,Campbell River,5909020,Chilliwack,332,5h30m,,TRUE
5924034,Campbell River,5933067,Clearwater,707,9h20m,,TRUE
5924034,Campbell River,5933028,Clinton,569,8h40m,,TRUE
5924034,Campbell River,5937010,Coldstream,678,9h,,TRUE
5924034,Campbell River,5917041,Colwood,258,3h,,FALSE
5924034,Campbell River,5926005,Comox,59,50m,,FALSE
5924034,Campbell River,5915034,Coquitlam,263,4h50m,,TRUE
5924034,Campbell River,5926010,Courtenay,52,40m,,FALSE
5924034,Campbell River,5901022,Cranbrook,1073,14h,,TRUE
5924034,Campbell River,5903004,Creston,964,12h40m,,TRUE
5924034,Campbell River,5926014,Cumberland,55,40m,,FALSE
5924034,Campbell River,5955014,Dawson Creek,1547,18h40m,,TRUE
5924034,Campbell River,5915011,Delta,247,5h,,TRUE
5924034,Campbell River,5919012,Duncan,204,2h10m,,FALSE
5924034,Campbell River,5901003,Elkford,1233,16h20m,,TRUE
5924034,Campbell River,5937033,Enderby,706,9h20m,,TRUE
5924034,Campbell River,5917040,Esquimalt,261,3h,,FALSE
5924034,Campbell River,5901012,Fernie,1167,15h,,TRUE
5924034,Campbell River,5951013,Fort St. James,1357,16h50m,,TRUE
5924034,Campbell River,5955034,Fort St. John,1623,19h30m,,TRUE
5924034,Campbell River,5951009,Fraser Lake,1350,16h50m,,TRUE
5924034,Campbell River,5905005,Fruitvale,872,11h50m,,TRUE
5924034,Campbell River,5929005,Gibsons,232,5h,,TRUE
5924034,Campbell River,5924025,Gold River,96,1h20m,,FALSE
5924034,Campbell River,5939007,Golden,940,12h,,TRUE
5924034,Campbell River,5905032,Grand Forks,750,10h20m,,TRUE
5924034,Campbell River,5905042,Greenwood,710,9h50m,,TRUE
5924034,Campbell River,5909027,Harrison Hot Springs,359,5h50m,,TRUE
5924034,Campbell River,5949022,Hazelton,1636,20h10m,,TRUE
5924034,Campbell River,5917049,Highlands,259,3h,,FALSE
5924034,Campbell River,5909009,Hope,380,6h,,TRUE
5924034,Campbell River,5951034,Houston,1501,18h30m,,TRUE
5924034,Campbell River,5955025,Hudson's Hope,1572,19h30m,,TRUE
5924034,Campbell River,5901039,Invermere,1061,13h40m,,TRUE
5924034,Campbell River,5933042,Kamloops,584,8h,,TRUE
5924034,Campbell River,5903023,Kaslo,955,12h50m,,TRUE
5924034,Campbell River,5935010,Kelowna,621,8h20m,,TRUE
5924034,Campbell River,5909032,Kent,356,5h50m,,TRUE
5924034,Campbell River,5907009,Keremeos,578,8h20m,,TRUE
5924034,Campbell River,5901028,Kimberley,1100,14h20m,,TRUE
5924034,Campbell River,5949005,Kitimat,963,1D2h50m,,TRUE
5924034,Campbell River,5919021,Ladysmith,179,1h50m,,FALSE
5924034,Campbell River,5935016,Lake Country,645,8h40m,,TRUE
5924034,Campbell River,5919016,Lake Cowichan,227,2h30m,,FALSE
5924034,Campbell River,5917044,Langford,249,2h40m,,FALSE
5924034,Campbell River,5915002,Langley,273,5h,,TRUE
5924034,Campbell River,5915001,Langley,289,5h10m,,TRUE
5924034,Campbell River,5921008,Lantzville,140,1h30m,,FALSE
5924034,Campbell River,5931026,Lillooet,473,7h40m,,TRUE
5924034,Campbell River,5915065,Lions Bay,220,4h20m,,TRUE
5924034,Campbell River,5933035,Logan Lake,562,8h,,TRUE
5924034,Campbell River,5937005,Lumby,695,9h20m,,TRUE
5924034,Campbell River,5933015,Lytton,487,7h20m,,TRUE
5924034,Campbell River,5953033,Mackenzie,1375,17h10m,,TRUE
5924034,Campbell River,5915075,Maple Ridge,279,5h10m,,TRUE
5924034,Campbell River,5947023,Masset,1038,1D9h20m,,TRUE
5924034,Campbell River,5953012,McBride,984,12h30m,,TRUE
5924034,Campbell River,5933006,Merritt,497,7h10m,,TRUE
5924034,Campbell River,5917042,Metchosin,266,3h10m,,FALSE
5924034,Campbell River,5905037,Midway,694,9h40m,,TRUE
5924034,Campbell River,5909056,Mission,295,5h20m,,TRUE
5924034,Campbell River,5905009,Montrose,867,11h50m,,TRUE
5924034,Campbell River,5903050,Nakusp,863,11h40m,,TRUE
5924034,Campbell River,5921007,Nanaimo,151,1h40m,,FALSE
5924034,Campbell River,5903015,Nelson,888,12h,,TRUE
5924034,Campbell River,5903032,New Denver,908,12h10m,,TRUE
5924034,Campbell River,5949024,New Hazelton,1631,20h,,TRUE
5924034,Campbell River,5915029,New Westminster,246,4h40m,,TRUE
5924034,Campbell River,5949035,Nisga'a,1005,1D3h50m,,TRUE
5924034,Campbell River,5919008,North Cowichan,195,2h10m,,FALSE
5924034,Campbell River,5917005,North Saanich,285,3h20m,,FALSE
5924034,Campbell River,5915051,North Vancouver,228,4h30m,,TRUE
5924034,Campbell River,5915046,North Vancouver,244,5h40m,,TRUE
5924034,Campbell River,5917030,Oak Bay,268,3h10m,,FALSE
5924034,Campbell River,5907014,Oliver,637,9h,,TRUE
5924034,Campbell River,5941005,One Hundred Mile House,640,9h30m,,TRUE
5924034,Campbell River,5907005,Osoyoos,627,8h50m,,TRUE
5924034,Campbell River,5921018,Parksville,120,1h10m,,FALSE
5924034,Campbell River,5935018,Peachland,606,8h10m,,TRUE
5924034,Campbell River,5931012,Pemberton,364,6h,,TRUE
5924034,Campbell River,5907041,Penticton,645,8h40m,,TRUE
5924034,Campbell River,5915070,Pitt Meadows,268,5h10m,,TRUE
5924034,Campbell River,5923008,Port Alberni,146,1h40m,,FALSE
5924034,Campbell River,5943017,Port Alice,247,3h10m,,FALSE
5924034,Campbell River,5947030,Port Clements,996,1D8h50m,,TRUE
5924034,Campbell River,5915039,Port Coquitlam,259,4h50m,,TRUE
5924034,Campbell River,5947007,Port Edward,771,1D30m,,TRUE
5924034,Campbell River,5943023,Port Hardy,232,3h,,FALSE
5924034,Campbell River,5943012,Port McNeill,199,2h40m,,FALSE
5924034,Campbell River,5915043,Port Moody,255,4h50m,,TRUE
5924034,Campbell River,5955005,Pouce Coupe,1537,18h30m,,TRUE
5924034,Campbell River,5927008,Powell River,361,7h30m,,TRUE
5924034,Campbell River,5953023,Prince George,1194,15h,,TRUE
5924034,Campbell River,5947012,Prince Rupert,755,1D30m,,TRUE
5924034,Campbell River,5907024,Princeton,513,7h30m,,TRUE
5924034,Campbell River,5921023,Qualicum Beach,112,1h10m,,FALSE
5924034,Campbell River,5947026,Queen Charlotte,940,1D8h10m,,TRUE
5924034,Campbell River,5941013,Quesnel,848,12h,,TRUE
5924034,Campbell River,5901040,Radium Hot Springs,1043,13h20m,,TRUE
5924034,Campbell River,5939019,Revelstoke,793,10h20m,,TRUE
5924034,Campbell River,5915015,Richmond,243,4h50m,,TRUE
5924034,Campbell River,5905023,Rossland,843,11h30m,,TRUE
5924034,Campbell River,5917021,Saanich,264,3h,,FALSE
5924034,Campbell River,5903011,Salmo,883,11h50m,,TRUE
5924034,Campbell River,5939032,Salmon Arm,689,9h10m,,TRUE
5924034,Campbell River,5924039,Sayward,79,1h10m,,FALSE
5924034,Campbell River,5929011,Sechelt,256,5h20m,,TRUE
5924034,Campbell River,5939045,Sicamous,720,9h30m,,TRUE
5924034,Campbell River,5917010,Sidney,283,3h10m,,FALSE
5924034,Campbell River,5903027,Silverton,913,12h10m,,TRUE
5924034,Campbell River,5903019,Slocan,913,12h20m,,TRUE
5924034,Campbell River,5951043,Smithers,1564,19h20m,,TRUE
5924034,Campbell River,5917052,Sooke,269,3h10m,,FALSE
5924034,Campbell River,5937024,Spallumcheen,691,9h10m,,TRUE
5924034,Campbell River,5931006,Squamish,257,4h50m,,TRUE
5924034,Campbell River,5949032,Stewart,1886,23h20m,,TRUE
5924034,Campbell River,5907035,Summerland,628,8h30m,,TRUE
5924034,Campbell River,5933045,Sun Peaks Mountain,639,8h40m,,TRUE
5924034,Campbell River,5915004,Surrey,267,5h,,TRUE
5924034,Campbell River,5924030,Tahsis,156,3h20m,,FALSE
5924034,Campbell River,5955030,Taylor,1605,19h20m,,TRUE
5924034,Campbell River,5951038,Telkwa,1551,19h10m,,TRUE
5924034,Campbell River,5949011,Terrace,899,1D2h,,TRUE
5924034,Campbell River,5923025,Tofino,266,3h10m,,FALSE
5924034,Campbell River,5905014,Trail,858,11h40m,,TRUE
5924034,Campbell River,5955003,Tumbler Ridge,1586,19h40m,,TRUE
5924034,Campbell River,5923019,Ucluelet,244,2h50m,,FALSE
5924034,Campbell River,5953007,Valemount,902,11h40m,,TRUE
5924034,Campbell River,5915022,Vancouver,232,4h40m,,TRUE
5924034,Campbell River,5951007,Vanderhoof,1292,16h10m,,TRUE
5924034,Campbell River,5937014,Vernon,675,9h,,TRUE
5924034,Campbell River,5917034,Victoria,264,3h,,FALSE
5924034,Campbell River,5917047,View Royal,254,2h50m,,FALSE
5924034,Campbell River,5905018,Warfield,853,11h40m,,TRUE
5924034,Campbell River,5941025,Wells,912,13h40m,,TRUE
5924034,Campbell River,5935029,West Kelowna,608,8h10m,,TRUE
5924034,Campbell River,5915055,West Vancouver,228,4h30m,,TRUE
5924034,Campbell River,5931020,Whistler,331,5h40m,,TRUE
5924034,Campbell River,5915007,White Rock,277,5h10m,,TRUE
5924034,Campbell River,5941009,Williams Lake,732,10h40m,,TRUE
5924034,Campbell River,5924029,Zeballos,196,3h20m,,FALSE
5901043,Canal Flats,5903045,Castlegar,311,3h40m,,FALSE
5901043,Canal Flats,5917015,Central Saanich,1129,15h,,TRUE
5901043,Canal Flats,5933054,Chase,474,6h,,FALSE
5901043,Canal Flats,5955010,Chetwynd,1106,13h10m,,FALSE
5901043,Canal Flats,5909020,Chilliwack,826,9h30m,,FALSE
5901043,Canal Flats,5933067,Clearwater,739,9h,,FALSE
5901043,Canal Flats,5933028,Clinton,894,10h30m,,FALSE
5901043,Canal Flats,5937010,Coldstream,473,6h,,FALSE
5901043,Canal Flats,5917041,Colwood,1111,14h50m,,TRUE
5901043,Canal Flats,5926005,Comox,1118,14h50m,,TRUE
5901043,Canal Flats,5915034,Coquitlam,910,10h30m,,FALSE
5901043,Canal Flats,5926010,Courtenay,1114,14h50m,,TRUE
5901043,Canal Flats,5901022,Cranbrook,85,1h10m,,FALSE
5901043,Canal Flats,5903004,Creston,191,2h20m,,FALSE
5901043,Canal Flats,5926014,Cumberland,1107,14h40m,,TRUE
5901043,Canal Flats,5955014,Dawson Creek,949,11h,,FALSE
5901043,Canal Flats,5915011,Delta,932,10h40m,,FALSE
5901043,Canal Flats,5919012,Duncan,1058,14h10m,,TRUE
5901043,Canal Flats,5901003,Elkford,227,3h20m,,FALSE
5901043,Canal Flats,5937033,Enderby,429,5h20m,,FALSE
5901043,Canal Flats,5917040,Esquimalt,1115,14h50m,,TRUE
5901043,Canal Flats,5901012,Fernie,162,2h,,FALSE
5901043,Canal Flats,5951013,Fort St. James,962,11h40m,,FALSE
5901043,Canal Flats,5955034,Fort St. John,1177,13h20m,,FALSE
5901043,Canal Flats,5951009,Fraser Lake,955,11h30m,,FALSE
5901043,Canal Flats,5905005,Fruitvale,297,3h30m,,FALSE
5901043,Canal Flats,5929005,Gibsons,971,12h,,TRUE
5901043,Canal Flats,5924025,Gold River,1248,16h10m,,TRUE
5901043,Canal Flats,5939007,Golden,168,2h10m,,FALSE
5901043,Canal Flats,5905032,Grand Forks,404,4h40m,,FALSE
5901043,Canal Flats,5905042,Greenwood,445,5h10m,,FALSE
5901043,Canal Flats,5909027,Harrison Hot Springs,817,9h40m,,FALSE
5901043,Canal Flats,5949022,Hazelton,1241,14h50m,,FALSE
5901043,Canal Flats,5917049,Highlands,1113,14h50m,,TRUE
5901043,Canal Flats,5909009,Hope,777,9h,,FALSE
5901043,Canal Flats,5951034,Houston,1106,13h10m,,FALSE
5901043,Canal Flats,5955025,Hudson's Hope,1180,14h10m,,FALSE
5901043,Canal Flats,5901039,Invermere,55,50m,,FALSE
5901043,Canal Flats,5933042,Kamloops,771,9h10m,,FALSE
5901043,Canal Flats,5903023,Kaslo,383,4h40m,,FALSE
5901043,Canal Flats,5935010,Kelowna,609,7h10m,,FALSE
5901043,Canal Flats,5909032,Kent,814,9h30m,,FALSE
5901043,Canal Flats,5907009,Keremeos,576,6h40m,,FALSE
5901043,Canal Flats,5901028,Kimberley,73,1h,,FALSE
5901043,Canal Flats,5949005,Kitimat,1438,17h10m,,FALSE
5901043,Canal Flats,5919021,Ladysmith,1033,13h50m,,TRUE
5901043,Canal Flats,5935016,Lake Country,627,7h30m,,FALSE
5901043,Canal Flats,5919016,Lake Cowichan,1081,14h30m,,TRUE
5901043,Canal Flats,5917044,Langford,1102,14h40m,,TRUE
5901043,Canal Flats,5915001,Langley,881,10h10m,,FALSE
5901043,Canal Flats,5915002,Langley,890,10h20m,,FALSE
5901043,Canal Flats,5921008,Lantzville,1017,13h40m,,TRUE
5901043,Canal Flats,5931026,Lillooet,902,10h50m,,FALSE
5901043,Canal Flats,5915065,Lions Bay,957,10h50m,,FALSE
5901043,Canal Flats,5933035,Logan Lake,803,9h20m,,FALSE
5901043,Canal Flats,5937005,Lumby,490,6h10m,,FALSE
5901043,Canal Flats,5933015,Lytton,840,10h,,FALSE
5901043,Canal Flats,5953033,Mackenzie,980,11h50m,,FALSE
5901043,Canal Flats,5915075,Maple Ridge,896,10h30m,,FALSE
5901043,Canal Flats,5947023,Masset,1815,1D3h20m,,TRUE
5901043,Canal Flats,5953012,McBride,589,7h10m,,FALSE
5901043,Canal Flats,5933006,Merritt,738,8h30m,,FALSE
5901043,Canal Flats,5917042,Metchosin,1119,15h,,TRUE
5901043,Canal Flats,5905037,Midway,460,5h20m,,FALSE
5901043,Canal Flats,5909056,Mission,881,10h20m,,FALSE
5901043,Canal Flats,5905009,Montrose,302,3h30m,,FALSE
5901043,Canal Flats,5903050,Nakusp,453,5h30m,,FALSE
5901043,Canal Flats,5921007,Nanaimo,1006,13h30m,,TRUE
5901043,Canal Flats,5903015,Nelson,314,3h40m,,FALSE
5901043,Canal Flats,5903032,New Denver,406,4h50m,,FALSE
5901043,Canal Flats,5949024,New Hazelton,1235,14h40m,,FALSE
5901043,Canal Flats,5915029,New Westminster,912,10h30m,,FALSE
5901043,Canal Flats,5949035,Nisga'a,1490,18h20m,,FALSE
5901043,Canal Flats,5919008,North Cowichan,1049,14h,,TRUE
5901043,Canal Flats,5917005,North Saanich,1022,13h20m,,TRUE
5901043,Canal Flats,5915051,North Vancouver,931,10h40m,,FALSE
5901043,Canal Flats,5915046,North Vancouver,938,11h50m,,FALSE
5901043,Canal Flats,5917030,Oak Bay,1122,15h,,TRUE
5901043,Canal Flats,5907014,Oliver,550,6h30m,,FALSE
5901043,Canal Flats,5941005,One Hundred Mile House,876,10h40m,,FALSE
5901043,Canal Flats,5907005,Osoyoos,529,6h10m,,FALSE
5901043,Canal Flats,5921018,Parksville,1036,13h50m,,TRUE
5901043,Canal Flats,5935018,Peachland,628,7h30m,,FALSE
5901043,Canal Flats,5931012,Pemberton,1000,12h,,FALSE
5901043,Canal Flats,5907041,Penticton,593,7h,,FALSE
5901043,Canal Flats,5915070,Pitt Meadows,902,10h40m,,FALSE
5901043,Canal Flats,5923008,Port Alberni,1085,14h30m,,TRUE
5901043,Canal Flats,5943017,Port Alice,1399,18h10m,,TRUE
5901043,Canal Flats,5947030,Port Clements,1773,1D2h50m,,TRUE
5901043,Canal Flats,5915039,Port Coquitlam,903,10h20m,,FALSE
5901043,Canal Flats,5947007,Port Edward,1491,17h40m,,FALSE
5901043,Canal Flats,5943023,Port Hardy,1383,18h,,TRUE
5901043,Canal Flats,5943012,Port McNeill,1351,17h30m,,TRUE
5901043,Canal Flats,5915043,Port Moody,913,10h40m,,FALSE
5901043,Canal Flats,5955005,Pouce Coupe,939,10h50m,,FALSE
5901043,Canal Flats,5927008,Powell River,1100,14h30m,,TRUE
5901043,Canal Flats,5953023,Prince George,799,9h40m,,FALSE
5901043,Canal Flats,5947012,Prince Rupert,1523,18h10m,,FALSE
